0,63
1,79
2,75
3,112
4,107
5,103
6,60
7,95
8,44
9,61
10,24
11,77
12,111
13,52
14,73
15,138
16,69
17,51
18,51
19,87
20,89
21,64
22,107
23,149
24,90
25,76
26,143
27,69
28,33
29,39
30,153
31,115
32,21
33,67
34,89
35,41
36,61
37,119
38,86
39,57
40,60
41,83
42,39
43,58
44,114
45,65
46,53
47,66
48,36
49,69
50,44
51,103
52,112
53,58
54,74
55,85
56,83
57,86
58,54
59,58
60,74
61,55
62,77
63,97
64,60
65,105
66,136
67,141
68,77
69,89
70,44
71,91
72,100
73,87
74,132
75,89
76,98
77,64
78,81
79,88
80,89
81,59
82,84
83,52
84,51
85,72
86,44
87,63
88,59
89,120
90,51
91,65
92,137
93,115
94,76
95,56
96,46
97,64
98,56
99,61
100,55
101,110
102,54
103,85
104,30
105,63
106,66
107,67
108,89
109,85
110,84
111,48
112,108
113,79
114,50
115,98
116,70
117,47
118,23
119,88
120,47
121,96
122,51
123,105
124,44
125,112
126,139
127,110
128,110
129,80
130,55
131,140
132,135
133,97
134,93
135,58
136,122
137,64
138,50
139,35
140,73
141,45
142,73
143,42
144,95
145,138
146,85
147,51
148,117
149,114
150,71
151,69
152,100
153,81
154,89
155,90
156,78
157,52
158,15
159,55
160,95
161,85
162,79
163,148
164,88
165,89
166,89
167,52
168,109
169,71
170,89
171,49
172,62
173,76
174,37
175,67
176,50
177,113
178,60
179,42
180,111
181,82
182,58
183,70
184,141
185,73
186,82
187,118
188,151
189,93
190,107
191,54
192,72
193,30
194,68
195,54
196,77
197,79
198,59
199,92
200,64
201,68
202,120
203,53
204,39
205,59
206,74
207,78
208,83
209,92
210,105
211,71
212,100
213,102
214,69
215,63
216,104
217,85
218,91
219,42
220,81
221,52
222,111
223,124
224,49
225,73
226,29
227,94
228,83
229,107
230,63
231,28
232,97
233,81
234,68
235,104
236,95
237,75
238,153
239,54
240,33
241,105
242,104
243,76
244,42
245,61
246,116
247,82
248,76
249,73
250,60
251,86
252,118
253,102
254,63
255,78
256,59
257,90
258,42
259,130
260,84
261,108
262,125
263,60
264,60
265,60
266,116
267,63
268,72
269,51
270,69
271,106
272,84
273,102
274,128
275,58
276,79
277,90
278,60
279,121
280,54
281,139
282,35
283,58
284,74
285,97
286,119
287,51
288,48
289,56
290,100
291,40
292,130
293,81
294,84
295,109
296,41
297,146
298,55
299,96
300,103
301,88
302,59
303,69
304,110
305,104
306,67
307,119
308,65
309,60
310,113
311,63
312,121
313,69
314,77
315,108
316,62
317,61
318,129
319,62
320,65
321,93
322,116
323,41
324,55
325,124
326,80
327,45
328,57
329,72
330,112
331,75
332,71
333,78
334,77
335,68
336,115
337,64
338,55
339,62
340,148
341,65
342,39
343,66
344,54
345,77
346,95
347,100
348,111
349,75
350,138
351,75
352,27
353,115
354,45
355,34
356,104
357,67
358,125
359,83
360,106
361,127
362,43
363,35
364,100
365,72
366,132
367,50
368,57
369,51
370,74
371,103
372,31
373,58
374,84
375,98
376,98
377,63
378,103
379,152
380,103
381,87
382,10
383,36
384,79
385,85
386,106
387,106
388,81
389,108
390,102
391,90
392,109
393,64
394,76
395,92
396,64
397,50
398,79
399,87
400,39
401,56
402,70
403,95
404,68
405,98
406,90
407,120
408,75
409,77
410,29
411,139
412,54
413,68
414,133
415,57
416,125
417,90
418,80
419,64
420,55
421,61
422,120
423,125
424,71
425,81
426,72
427,74
428,113
429,71
430,43
431,71
432,41
433,55
434,87
435,70
436,120
437,77
438,131
439,135
440,53
441,86
442,110
443,29
444,96
445,48
446,56
447,88
448,80
449,57
450,99
451,32
452,86
453,41
454,39
455,65
456,122
457,34
458,53
459,79
460,83
461,94
462,74
463,72
464,52
465,80
466,103
467,80
468,106
469,80
470,130
471,121
472,87
473,44
474,54
475,22
476,57
477,91
478,25
479,48
480,81
481,43
482,85
483,66
484,97
485,79
486,64
487,64
488,26
489,88
490,39
491,107
492,72
493,88
494,52
495,97
496,96
497,97
498,49
499,55
500,91
501,82
502,67
503,86
504,64
505,114
506,93
507,70
508,19
509,98
510,93
511,87
512,115
513,103
514,52
515,60
516,111
517,92
518,99
519,106
520,119
521,108
522,110
523,62
524,70
525,155
526,122
527,130
528,38
529,106
530,70
531,104
532,97
533,65
534,68
535,77
536,66
537,61
538,143
539,88
540,88
541,30
542,65
543,62
544,123
545,98
546,62
547,106
548,37
549,70
550,139
551,106
552,83
553,149
554,117
555,49
556,65
557,126
558,44
559,85
560,176
561,94
562,91
563,122
564,72
565,105
566,33
567,111
568,134
569,63
570,88
571,120
572,72
573,51
574,97
575,81
576,73
577,92
578,77
579,97
580,79
581,118
582,55
583,76
584,59
585,111
586,70
587,106
588,146
589,85
590,48
591,99
592,164
593,25
594,144
595,98
596,86
597,57
598,71
599,61
600,119
601,59
602,55
603,77
604,62
605,125
606,83
607,83
608,93
609,101
610,131
611,69
612,72
613,102
614,96
615,89
616,99
617,84
618,45
619,94
620,64
621,55
622,150
623,101
624,44
625,126
626,106
627,58
628,67
629,43
630,80
631,57
632,70
633,102
634,69
635,83
636,40
637,79
638,78
639,43
640,55
641,98
642,65
643,79
644,107
645,126
646,53
647,65
648,127
649,75
650,18
651,107
652,38
653,53
654,101
655,118
656,116
657,34
658,70
659,33
660,103
661,63
662,145
663,120
664,136
665,112
666,47
667,91
668,66
669,51
670,75
671,30
672,69
673,77
674,69
675,122
676,61
677,50
678,71
679,68
680,57
681,82
682,110
683,117
684,113
685,121
686,47
687,45
688,122
689,102
690,51
691,99
692,67
693,78
694,62
695,69
696,109
697,174
698,74
699,79
700,99
701,75
702,105
703,73
704,84
705,51
706,48
707,45
708,77
709,87
710,69
711,59
712,32
713,94
714,83
715,85
716,76
717,63
718,90
719,69
720,76
721,102
722,90
723,87
724,82
725,204
726,104
727,75
728,115
729,63
730,76
731,104
732,73
733,64
734,97
735,52
736,102
737,77
738,56
739,107
740,81
741,51
742,76
743,49
744,75
745,53
746,105
747,64
748,111
749,57
750,106
751,85
752,46
753,50
754,56
755,50
756,93
757,45
758,86
759,84
760,92
761,95
762,33
763,34
764,102
765,76
766,102
767,126
768,95
769,78
770,57
771,83
772,90
773,102
774,84
775,72
776,87
777,70
778,72
779,58
780,55
781,57
782,41
783,35
784,157
785,71
786,76
787,88
788,134
789,130
790,116
791,55
792,77
793,70
794,47
795,69
796,110
797,65
798,114
799,95
800,63
801,101
802,77
803,103
804,116
805,117
806,93
807,47
808,76
809,78
810,88
811,55
812,81
813,84
814,59
815,46
816,72
817,74
818,46
819,85
820,131
821,125
822,83
823,68
824,112
825,92
826,88
827,68
828,68
829,71
830,89
831,97
832,91
833,81
834,82
835,35
836,175
837,117
838,73
839,66
840,30
841,57
842,101
843,44
844,58
845,126
846,106
847,68
848,81
849,30
850,49
851,81
852,51
853,106
854,98
855,101
856,83
857,53
858,39
859,38
860,118
861,53
862,98
863,75
864,98
865,95
866,70
867,103
868,84
869,46
870,117
871,79
872,70
873,140
874,82
875,80
876,58
877,76
878,111
879,62
880,51
881,110
882,95
883,73
884,57
885,71
886,56
887,65
888,87
889,56
890,81
891,25
892,127
893,62
894,92
895,86
896,72
897,60
898,60
899,67
900,51
901,88
902,44
903,92
904,144
905,134
906,98
907,109
908,85
909,79
910,81
911,83
912,24
913,96
914,85
915,42
916,69
917,87
918,64
919,56
920,83
921,191
922,114
923,78
924,63
925,92
926,130
927,78
928,56
929,54
930,88
931,67
932,116
933,23
934,136
935,130
936,131
937,84
938,85
939,45
940,55
941,94
942,90
943,60
944,51
945,43
946,107
947,96
948,113
949,76
950,62
951,78
952,128
953,108
954,86
955,100
956,59
957,115
958,66
959,62
960,66
961,73
962,56
963,39
964,76
965,81
966,96
967,81
968,52
969,91
970,20
971,109
972,75
973,66
974,128
975,54
976,109
977,79
978,111
979,112
980,87
981,128
982,82
983,74
984,111
985,92
986,111
987,128
988,90
989,42
990,25
991,37
992,96
993,32
994,100
995,79
996,143
997,52
998,90
999,88
1000,79
1001,88
1002,83
1003,129
1004,69
1005,115
1006,96
1007,61
1008,69
1009,76
1010,97
1011,109
1012,48
1013,86
1014,53
1015,84
1016,119
1017,72
1018,114
1019,40
1020,81
1021,108
1022,118
1023,124
1024,27
1025,82
1026,81
1027,70
1028,82
1029,70
1030,28
1031,69
1032,20
1033,83
1034,53
1035,33
1036,95
1037,43
1038,82
1039,83
1040,120
1041,78
1042,39
1043,90
1044,75
1045,90
1046,51
1047,128
1048,66
1049,100
1050,53
1051,48
1052,141
1053,28
1054,76
1055,66
1056,115
1057,140
1058,76
1059,48
1060,59
1061,60
1062,57
1063,107
1064,83
1065,68
1066,20
1067,104
1068,50
1069,50
1070,63
1071,30
1072,52
1073,52
1074,95
1075,61
1076,62
1077,81
1078,88
1079,72
1080,89
1081,70
1082,93
1083,93
1084,128
1085,106
1086,54
1087,83
1088,133
1089,64
1090,44
1091,88
1092,52
1093,43
1094,97
1095,76
1096,54
1097,104
1098,56
1099,105
1100,128
1101,101
1102,112
1103,86
1104,110
1105,91
1106,49
1107,90
1108,92
1109,62
1110,87
1111,99
1112,91
1113,117
1114,85
1115,45
1116,35
1117,99
1118,96
1119,140
1120,129
1121,81
1122,85
1123,86
1124,131
1125,150
1126,35
1127,84
1128,86
1129,105
1130,48
1131,75
1132,124
1133,49
1134,45
1135,76
1136,84
1137,60
1138,29
1139,115
1140,84
1141,67
1142,86
1143,84
1144,133
1145,132
1146,67
1147,50
1148,76
1149,32
1150,48
1151,88
1152,94
1153,57
1154,81
1155,111
1156,91
1157,78
1158,108
1159,94
1160,105
1161,18
1162,67
1163,96
1164,68
1165,113
1166,63
1167,79
1168,105
1169,74
1170,43
1171,99
1172,52
1173,136
1174,73
1175,65
1176,137
1177,71
1178,75
1179,69
1180,96
1181,81
1182,85
1183,51
1184,48
1185,87
1186,58
1187,98
1188,57
1189,52
1190,89
1191,99
1192,83
1193,131
1194,72
1195,74
1196,38
1197,100
1198,72
1199,99
1200,83
1201,47
1202,114
1203,141
1204,112
1205,54
1206,63
1207,56
1208,41
1209,67
1210,102
1211,61
1212,67
1213,60
1214,152
1215,99
1216,105
1217,96
1218,72
1219,105
1220,74
1221,53
1222,101
1223,23
1224,103
1225,123
1226,38
1227,149
1228,59
1229,76
1230,93
1231,69
1232,103
1233,50
1234,84
1235,44
1236,73
1237,85
1238,80
1239,44
1240,52
1241,104
1242,49
1243,125
1244,99
1245,162
1246,100
1247,101
1248,40
1249,54
1250,65
1251,30
1252,64
1253,109
1254,22
1255,81
1256,76
1257,59
1258,85
1259,39
1260,45
1261,50
1262,65
1263,51
1264,100
1265,77
1266,80
1267,54
1268,54
1269,68
1270,100
1271,64
1272,64
1273,88
1274,79
1275,94
1276,38
1277,119
1278,67
1279,84
1280,66
1281,106
1282,74
1283,84
1284,72
1285,66
1286,73
1287,109
1288,84
1289,78
1290,49
1291,52
1292,43
1293,86
1294,99
1295,23
1296,85
1297,135
1298,79
1299,128
1300,81
1301,35
1302,105
1303,74
1304,66
1305,101
1306,110
1307,73
1308,75
1309,84
1310,121
1311,58
1312,47
1313,51
1314,73
1315,39
1316,60
1317,67
1318,95
1319,34
1320,89
1321,36
1322,67
1323,127
1324,93
1325,110
1326,70
1327,108
1328,89
1329,76
1330,77
1331,68
1332,101
1333,57
1334,75
1335,147
1336,49
1337,41
1338,78
1339,70
1340,106
1341,35
1342,120
1343,97
1344,74
1345,90
1346,102
1347,125
1348,113
1349,120
1350,60
1351,30
1352,60
1353,22
1354,48
1355,92
1356,105
1357,76
1358,78
1359,95
1360,42
1361,93
1362,110
1363,45
1364,99
1365,35
1366,47
1367,117
1368,88
1369,85
1370,102
1371,85
1372,61
1373,83
1374,124
1375,67
1376,25
1377,70
1378,77
1379,143
1380,50
1381,58
1382,37
1383,76
1384,64
1385,136
1386,90
1387,132
1388,61
1389,68
1390,94
1391,54
1392,121
1393,93
1394,88
1395,61
1396,62
1397,66
1398,45
1399,91
1400,87
1401,56
1402,111
1403,57
1404,92
1405,66
1406,85
1407,91
1408,82
1409,54
1410,59
1411,78
1412,56
1413,35
1414,4
1415,92
1416,86
1417,114
1418,92
1419,79
1420,93
1421,81
1422,69
1423,90
1424,112
1425,48
1426,55
1427,89
1428,112
1429,76
1430,108
1431,92
1432,93
1433,109
1434,58
1435,69
1436,29
1437,59
1438,105
1439,93
1440,109
1441,81
1442,154
1443,98
1444,56
1445,90
1446,114
1447,75
1448,49
1449,76
1450,54
1451,78
1452,30
1453,98
1454,55
1455,52
1456,61
1457,65
1458,85
1459,72
1460,84
1461,125
1462,91
1463,104
1464,74
1465,82
1466,57
1467,60
1468,62
1469,112
1470,71
1471,99
1472,81
1473,65
1474,56
1475,52
1476,71
1477,73
1478,76
1479,73
1480,63
1481,70
1482,103
1483,122
1484,64
1485,114
1486,127
1487,33
1488,64
1489,85
1490,47
1491,71
1492,102
1493,81
1494,96
1495,37
1496,35
1497,49
1498,103
1499,41
1500,67
1501,43
1502,47
1503,94
1504,34
1505,62
1506,85
1507,90
1508,95
1509,59
1510,60
1511,75
1512,51
1513,78
1514,144
1515,100
1516,72
1517,36
1518,45
1519,65
1520,82
1521,52
1522,62
1523,69
1524,48
1525,109
1526,143
1527,56
1528,130
1529,90
1530,45
1531,26
1532,118
1533,20
1534,122
1535,84
1536,74
1537,75
1538,122
1539,79
1540,108
1541,45
1542,181
1543,119
1544,75
1545,111
1546,66
1547,31
1548,85
1549,75
1550,74
1551,76
1552,133
1553,46
1554,67
1555,80
1556,146
1557,108
1558,65
1559,71
1560,105
1561,50
1562,62
1563,80
1564,118
1565,61
1566,35
1567,84
1568,68
1569,19
1570,79
1571,41
1572,111
1573,67
1574,42
1575,97
1576,90
1577,102
1578,77
1579,50
1580,114
1581,110
1582,140
1583,41
1584,65
1585,109
1586,100
1587,73
1588,60
1589,63
1590,159
1591,61
1592,27
1593,90
1594,80
1595,77
1596,70
1597,68
1598,57
1599,43
1600,70
1601,41
1602,39
1603,77
1604,83
1605,54
1606,102
1607,74
1608,106
1609,93
1610,84
1611,109
1612,87
1613,76
1614,95
1615,63
1616,66
1617,67
1618,86
1619,69
1620,67
1621,91
1622,72
1623,126
1624,85
1625,56
1626,61
1627,90
1628,111
1629,59
1630,98
1631,79
1632,135
1633,60
1634,48
1635,75
1636,79
1637,54
1638,98
1639,107
1640,77
1641,68
1642,130
1643,93
1644,83
1645,98
1646,74
1647,68
1648,48
1649,71
1650,97
1651,132
1652,38
1653,98
1654,77
1655,137
1656,106
1657,86
1658,113
1659,131
1660,52
1661,40
1662,97
1663,85
1664,66
1665,87
1666,77
1667,25
1668,88
1669,112
1670,122
1671,100
1672,59
1673,95
1674,81
1675,68
1676,101
1677,98
1678,91
1679,87
1680,81
1681,80
1682,62
1683,75
1684,96
1685,103
1686,92
1687,81
1688,133
1689,42
1690,52
1691,74
1692,84
1693,53
1694,86
1695,43
1696,80
1697,72
1698,84
1699,73
1700,50
1701,95
1702,63
1703,65
1704,58
1705,67
1706,58
1707,95
1708,104
1709,149
1710,82
1711,46
1712,80
1713,116
1714,47
1715,84
1716,62
1717,103
1718,83
1719,81
1720,92
1721,77
1722,107
1723,77
1724,34
1725,109
1726,70
1727,87
1728,78
1729,99
1730,51
1731,79
1732,109
1733,73
1734,103
1735,57
1736,39
1737,102
1738,78
1739,41
1740,103
1741,96
1742,92
1743,87
1744,25
1745,103
1746,27
1747,56
1748,94
1749,64
1750,78
1751,85
1752,83
1753,109
1754,81
1755,33
1756,98
1757,79
1758,51
1759,94
1760,86
1761,99
1762,64
1763,82
1764,104
1765,67
1766,33
1767,84
1768,128
1769,28
1770,31
1771,139
1772,51
1773,54
1774,87
1775,62
1776,63
1777,89
1778,89
1779,95
1780,130
1781,52
1782,97
1783,92
1784,120
1785,101
1786,40
1787,109
1788,94
1789,56
1790,79
1791,141
1792,68
1793,75
1794,42
1795,108
1796,43
1797,68
1798,90
1799,44
1800,85
1801,52
1802,102
1803,53
1804,107
1805,20
1806,35
1807,83
1808,80
1809,129
1810,109
1811,76
1812,49
1813,69
1814,83
1815,69
1816,90
1817,90
1818,76
1819,48
1820,38
1821,54
1822,108
1823,73
1824,111
1825,94
1826,51
1827,64
1828,71
1829,58
1830,72
1831,42
1832,81
1833,44
1834,113
1835,92
1836,32
1837,93
1838,61
1839,74
1840,133
1841,88
1842,80
1843,95
1844,78
1845,98
1846,49
1847,44
1848,71
1849,81
1850,54
1851,123
1852,129
1853,68
1854,139
1855,48
1856,77
1857,67
1858,144
1859,57
1860,67
1861,107
1862,57
1863,35
1864,97
1865,43
1866,104
1867,102
1868,59
1869,125
1870,62
1871,105
1872,105
1873,125
1874,78
1875,94
1876,72
1877,69
1878,126
1879,97
1880,120
1881,95
1882,101
1883,107
1884,80
1885,180
1886,132
1887,58
1888,132
1889,78
1890,96
1891,86
1892,90
1893,113
1894,47
1895,69
1896,96
1897,53
1898,69
1899,59
1900,101
1901,102
1902,91
1903,91
1904,32
1905,142
1906,78
1907,41
1908,81
1909,91
1910,81
1911,145
1912,99
1913,76
1914,70
1915,53
1916,101
1917,92
1918,97
1919,130
1920,57
1921,57
1922,88
1923,28
1924,97
1925,109
1926,81
1927,24
1928,67
1929,74
1930,85
1931,95
1932,100
1933,93
1934,67
1935,51
1936,52
1937,120
1938,42
1939,108
1940,82
1941,68
1942,70
1943,120
1944,78
1945,63
1946,69
1947,62
1948,90
1949,139
1950,99
1951,140
1952,84
1953,54
1954,84
1955,106
1956,108
1957,41
1958,75
1959,75
1960,110
1961,70
1962,73
1963,55
1964,66
1965,5
1966,49
1967,57
1968,73
1969,44
1970,63
1971,147
1972,96
1973,88
1974,93
1975,55
1976,91
1977,102
1978,43
1979,144
1980,66
1981,91
1982,70
1983,64
1984,103
1985,126
1986,48
1987,38
1988,65
1989,80
1990,25
1991,38
1992,83
1993,82
1994,84
1995,86
1996,72
1997,67
1998,35
1999,83
2000,59
2001,115
2002,112
2003,56
2004,100
2005,80
2006,50
2007,66
2008,30
2009,108
2010,105
2011,122
2012,82
2013,118
2014,112
2015,116
2016,68
2017,61
2018,119
2019,38
2020,64
2021,71
2022,15
2023,157
2024,111
2025,78
2026,59
2027,52
2028,125
2029,79
2030,100
2031,64
2032,104
2033,80
2034,90
2035,113
2036,50
2037,56
2038,54
2039,78
2040,109
2041,88
2042,63
2043,59
2044,45
2045,82
2046,99
2047,88
2048,79
2049,74
2050,138
2051,96
2052,87
2053,103
2054,117
2055,84
2056,193
2057,111
2058,79
2059,46
2060,65
2061,155
2062,61
2063,71
2064,118
2065,46
2066,89
2067,57
2068,52
2069,76
2070,84
2071,48
2072,91
2073,86
2074,91
2075,106
2076,61
2077,105
2078,74
2079,54
2080,33
2081,73
2082,61
2083,99
2084,49
2085,77
2086,72
2087,59
2088,46
2089,67
2090,28
2091,79
2092,89
2093,91
2094,31
2095,131
2096,84
2097,50
2098,93
2099,51
2100,59
2101,106
2102,18
2103,73
2104,46
2105,81
2106,58
2107,37
2108,153
2109,63
2110,102
2111,52
2112,88
2113,49
2114,28
2115,47
2116,99
2117,95
2118,91
2119,98
2120,62
2121,74
2122,171
2123,79
2124,76
2125,61
2126,62
2127,70
2128,117
2129,63
2130,62
2131,70
2132,66
2133,98
2134,127
2135,123
2136,61
2137,158
2138,66
2139,67
2140,85
2141,32
2142,78
2143,12
2144,85
2145,37
2146,50
2147,79
2148,103
2149,112
2150,77
2151,79
2152,82
2153,91
2154,44
2155,51
2156,93
2157,58
2158,65
2159,69
2160,46
2161,67
2162,46
2163,107
2164,109
2165,64
2166,95
2167,42
2168,69
2169,92
2170,58
2171,26
2172,52
2173,77
2174,70
2175,80
2176,109
2177,90
2178,150
2179,40
2180,55
2181,171
2182,39
2183,90
2184,74
2185,46
2186,117
2187,64
2188,34
2189,52
2190,129
2191,71
2192,88
2193,29
2194,111
2195,83
2196,40
2197,60
2198,39
2199,95
2200,45
2201,110
2202,109
2203,84
2204,75
2205,61
2206,112
2207,105
2208,101
2209,59
2210,41
2211,98
2212,67
2213,58
2214,31
2215,72
2216,54
2217,96
2218,43
2219,20
2220,65
2221,44
2222,63
2223,147
2224,74
2225,88
2226,135
2227,122
2228,94
2229,99
2230,47
2231,99
2232,39
2233,82
2234,99
2235,87
2236,72
2237,103
2238,123
2239,87
2240,85
2241,66
2242,58
2243,87
2244,31
2245,53
2246,61
2247,130
2248,75
2249,80
2250,59
2251,50
2252,64
2253,57
2254,47
2255,118
2256,81
2257,117
2258,138
2259,88
2260,57
2261,51
2262,63
2263,148
2264,92
2265,111
2266,54
2267,98
2268,139
2269,90
2270,73
2271,70
2272,97
2273,151
2274,84
2275,160
2276,45
2277,33
2278,134
2279,57
2280,59
2281,92
2282,66
2283,42
2284,100
2285,84
2286,61
2287,71
2288,143
2289,68
2290,51
2291,97
2292,114
2293,63
2294,76
2295,68
2296,73
2297,36
2298,71
2299,59
2300,134
2301,71
2302,150
2303,104
2304,72
2305,94
2306,38
2307,76
2308,47
2309,103
2310,89
2311,38
2312,22
2313,93
2314,78
2315,80
2316,43
2317,94
2318,65
2319,89
2320,84
2321,138
2322,63
2323,64
2324,93
2325,76
2326,119
2327,51
2328,82
2329,95
2330,75
2331,94
2332,80
2333,84
2334,76
2335,96
2336,84
2337,82
2338,12
2339,80
2340,52
2341,79
2342,77
2343,83
2344,37
2345,102
2346,149
2347,152
2348,76
2349,99
2350,83
2351,62
2352,66
2353,80
2354,64
2355,103
2356,65
2357,84
2358,110
2359,159
2360,134
2361,58
2362,94
2363,90
2364,89
2365,99
2366,36
2367,44
2368,86
2369,82
2370,23
2371,65
2372,21
2373,59
2374,114
2375,69
2376,119
2377,50
2378,83
2379,59
2380,74
2381,52
2382,71
2383,92
2384,107
2385,97
2386,93
2387,54
2388,59
2389,84
2390,82
2391,49
2392,82
2393,71
2394,119
2395,186
2396,108
2397,74
2398,107
2399,41
2400,70
2401,46
2402,106
2403,81
2404,96
2405,150
2406,152
2407,110
2408,110
2409,104
2410,88
2411,88
2412,25
2413,73
2414,89
2415,75
2416,40
2417,101
2418,70
2419,87
2420,105
2421,146
2422,43
2423,119
2424,154
2425,115
2426,61
2427,56
2428,69
2429,69
2430,29
2431,44
2432,53
2433,68
2434,116
2435,52
2436,37
2437,58
2438,42
2439,108
2440,117
2441,108
2442,62
2443,56
2444,95
2445,75
2446,66
2447,44
2448,45
2449,82
2450,115
2451,73
2452,85
2453,144
2454,82
2455,80
2456,43
2457,99
2458,79
2459,133
2460,52
2461,70
2462,108
2463,109
2464,96
2465,128
2466,86
2467,147
2468,64
2469,46
2470,65
2471,54
2472,85
2473,95
2474,118
2475,65
2476,95
2477,80
2478,82
2479,91
2480,18
2481,58
2482,118
2483,78
2484,101
2485,98
2486,76
2487,112
2488,54
2489,62
2490,83
2491,89
2492,85
2493,56
2494,44
2495,86
2496,113
2497,116
2498,62
2499,153
2500,25
2501,100
2502,107
2503,64
2504,25
2505,64
2506,60
2507,136
2508,162
2509,60
2510,53
2511,103
2512,73
2513,106
2514,56
2515,75
2516,86
2517,147
2518,91
2519,95
2520,23
2521,63
2522,102
2523,58
2524,87
2525,64
2526,118
2527,84
2528,26
2529,54
2530,96
2531,39
2532,54
2533,104
2534,77
2535,44
2536,76
2537,72
2538,71
2539,125
2540,49
2541,55
2542,91
2543,71
2544,70
2545,108
2546,62
2547,34
2548,100
2549,133
2550,112
2551,35
2552,118
2553,84
2554,88
2555,98
2556,61
2557,100
2558,115
2559,106
2560,51
2561,84
2562,71
2563,119
2564,75
2565,85
2566,70
2567,75
2568,114
2569,25
2570,48
2571,71
2572,59
2573,65
2574,98
2575,76
2576,70
2577,120
2578,35
2579,86
2580,85
2581,73
2582,56
2583,143
2584,83
2585,72
2586,80
2587,46
2588,106
2589,66
2590,85
2591,76
2592,92
2593,77
2594,61
2595,74
2596,53
2597,50
2598,70
2599,97
2600,125
2601,104
2602,154
2603,65
2604,84
2605,125
2606,80
2607,141
2608,93
2609,78
2610,43
2611,161
2612,81
2613,46
2614,99
2615,58
2616,49
2617,77
2618,76
2619,68
2620,46
2621,84
2622,51
2623,95
2624,93
2625,85
2626,86
2627,74
2628,74
2629,68
2630,97
2631,72
2632,77
2633,85
2634,111
2635,89
2636,100
2637,94
2638,82
2639,96
2640,106
2641,49
2642,61
2643,96
2644,116
2645,72
2646,97
2647,52
2648,75
2649,65
2650,121
2651,58
2652,96
2653,60
2654,102
2655,67
2656,116
2657,60
2658,120
2659,63
2660,129
2661,52
2662,48
2663,69
2664,92
2665,118
2666,154
2667,79
2668,29
2669,63
2670,70
2671,107
2672,94
2673,106
2674,96
2675,87
2676,131
2677,60
2678,54
2679,134
2680,25
2681,67
2682,89
2683,31
2684,127
2685,149
2686,157
2687,75
2688,49
2689,41
2690,88
2691,112
2692,93
2693,103
2694,65
2695,70
2696,121
2697,40
2698,101
2699,21
2700,17
2701,72
2702,105
2703,48
2704,50
2705,97
2706,71
2707,75
2708,143
2709,89
2710,48
2711,130
2712,105
2713,54
2714,78
2715,95
2716,91
2717,69
2718,84
2719,43
2720,83
2721,50
2722,60
2723,101
2724,95
2725,151
2726,100
2727,35
2728,80
2729,23
2730,52
2731,128
2732,113
2733,136
2734,73
2735,85
2736,62
2737,51
2738,110
2739,92
2740,115
2741,92
2742,86
2743,137
2744,103
2745,41
2746,108
2747,101
2748,32
2749,84
2750,72
2751,137
2752,104
2753,63
2754,82
2755,55
2756,125
2757,74
2758,172
2759,98
2760,79
2761,56
2762,47
2763,119
2764,66
2765,67
2766,51
2767,52
2768,92
2769,110
2770,88
2771,87
2772,59
2773,144
2774,69
2775,140
2776,85
2777,97
2778,102
2779,87
2780,60
2781,127
2782,55
2783,54
2784,99
2785,120
2786,62
2787,73
2788,136
2789,111
2790,92
2791,45
2792,120
2793,73
2794,103
2795,115
2796,105
2797,109
2798,62
2799,106
2800,60
2801,126
2802,45
2803,92
2804,46
2805,55
2806,54
2807,101
2808,18
2809,68
2810,152
2811,82
2812,94
2813,85
2814,95
2815,115
2816,23
2817,93
2818,124
2819,97
2820,78
2821,115
2822,91
2823,62
2824,47
2825,69
2826,69
2827,47
2828,124
2829,119
2830,93
2831,53
2832,67
2833,61
2834,172
2835,102
2836,123
2837,24
2838,47
2839,49
2840,83
2841,103
2842,143
2843,88
2844,75
2845,88
2846,46
2847,56
2848,60
2849,79
2850,104
2851,90
2852,101
2853,64
2854,51
2855,172
2856,39
2857,75
2858,101
2859,49
2860,55
2861,21
2862,76
2863,102
2864,96
2865,58
2866,108
2867,109
2868,73
2869,62
2870,83
2871,68
2872,33
2873,58
2874,144
2875,108
2876,98
2877,103
2878,99
2879,87
2880,130
2881,123
2882,102
2883,148
2884,64
2885,87
2886,123
2887,77
2888,67
2889,64
2890,72
2891,65
2892,97
2893,79
2894,66
2895,82
2896,68
2897,57
2898,122
2899,148
2900,76
2901,111
2902,70
2903,87
2904,81
2905,75
2906,18
2907,58
2908,49
2909,17
2910,70
2911,63
2912,104
2913,139
2914,46
2915,102
2916,36
2917,55
2918,128
2919,62
2920,87
2921,87
2922,74
2923,116
2924,65
2925,84
2926,84
2927,72
2928,95
2929,106
2930,85
2931,105
2932,109
2933,97
2934,77
2935,79
2936,20
2937,105
2938,127
2939,72
2940,84
2941,64
2942,61
2943,79
2944,85
2945,132
2946,97
2947,55
2948,91
2949,100
2950,113
2951,48
2952,91
2953,76
2954,87
2955,104
2956,89
2957,129
2958,45
2959,86
2960,139
2961,73
2962,83
2963,119
2964,56
2965,70
2966,134
2967,119
2968,56
2969,118
2970,44
2971,73
2972,50
2973,56
2974,54
2975,81
2976,94
2977,72
2978,95
2979,121
2980,86
2981,64
2982,43
2983,102
2984,51
2985,70
2986,88
2987,54
2988,103
2989,83
2990,86
2991,118
2992,100
2993,102
2994,74
2995,42
2996,88
2997,73
2998,29
2999,40
3000,63
3001,79
3002,70
3003,154
3004,46
3005,41
3006,39
3007,88
3008,80
3009,96
3010,73
3011,70
3012,117
3013,119
3014,40
3015,40
3016,51
3017,63
3018,63
3019,70
3020,82
3021,99
3022,34
3023,50
3024,68
3025,99
3026,43
3027,101
3028,87
3029,132
3030,39
3031,72
3032,57
3033,126
3034,93
3035,39
3036,71
3037,122
3038,53
3039,50
3040,55
3041,91
3042,41
3043,57
3044,35
3045,115
3046,81
3047,110
3048,29
3049,34
3050,52
3051,44
3052,35
3053,53
3054,88
3055,51
3056,58
3057,56
3058,158
3059,77
3060,105
3061,118
3062,109
3063,112
3064,63
3065,123
3066,87
3067,71
3068,69
3069,94
3070,68
3071,27
3072,73
3073,20
3074,77
3075,38
3076,90
3077,44
3078,51
3079,89
3080,89
3081,56
3082,88
3083,103
3084,60
3085,111
3086,130
3087,81
3088,51
3089,99
3090,110
3091,72
3092,87
3093,32
3094,40
3095,28
3096,52
3097,53
3098,47
3099,46
3100,50
3101,126
3102,61
3103,20
3104,60
3105,44
3106,74
3107,97
3108,62
3109,60
3110,101
3111,112
3112,102
3113,53
3114,109
3115,83
3116,90
3117,138
3118,51
3119,41
3120,75
3121,51
3122,60
3123,96
3124,89
3125,79
3126,58
3127,82
3128,88
3129,125
3130,68
3131,61
3132,76
3133,86
3134,103
3135,56
3136,40
3137,44
3138,94
3139,88
3140,66
3141,70
3142,35
3143,48
3144,96
3145,55
3146,106
3147,109
3148,124
3149,24
3150,27
3151,53
3152,97
3153,47
3154,109
3155,114
3156,55
3157,113
3158,98
3159,91
3160,74
3161,70
3162,58
3163,100
3164,77
3165,86
3166,133
3167,61
3168,82
3169,105
3170,79
3171,170
3172,61
3173,128
3174,53
3175,114
3176,117
3177,38
3178,61
3179,101
3180,71
3181,74
3182,110
3183,58
3184,42
3185,122
3186,43
3187,84
3188,72
3189,76
3190,98
3191,56
3192,39
3193,84
3194,71
3195,75
3196,123
3197,74
3198,66
3199,46
3200,81
3201,80
3202,140
3203,60
3204,117
3205,146
3206,88
3207,62
3208,69
3209,56
3210,77
3211,59
3212,69
3213,60
3214,80
3215,46
3216,57
3217,125
3218,91
3219,76
3220,44
3221,108
3222,89
3223,142
3224,50
3225,95
3226,73
3227,88
3228,99
3229,46
3230,51
3231,48
3232,39
3233,50
3234,107
3235,89
3236,66
3237,62
3238,76
3239,111
3240,137
3241,71
3242,32
3243,109
3244,63
3245,91
3246,207
3247,94
3248,93
3249,80
3250,68
3251,65
3252,84
3253,64
3254,75
3255,44
3256,74
3257,33
3258,53
3259,38
3260,67
3261,97
3262,110
3263,121
3264,77
3265,57
3266,91
3267,99
3268,81
3269,90
3270,43
3271,76
3272,46
3273,64
3274,91
3275,77
3276,104
3277,77
3278,76
3279,47
3280,85
3281,72
3282,66
3283,44
3284,115
3285,52
3286,104
3287,69
3288,151
3289,68
3290,106
3291,74
3292,64
3293,33
3294,68
3295,122
3296,72
3297,131
3298,83
3299,117
3300,100
3301,90
3302,58
3303,86
3304,59
3305,111
3306,89
3307,96
3308,61
3309,109
3310,68
3311,49
3312,91
3313,51
3314,113
3315,83
3316,127
3317,136
3318,44
3319,96
3320,55
3321,124
3322,24
3323,117
3324,105
3325,97
3326,86
3327,72
3328,108
3329,44
3330,47
3331,73
3332,77
3333,56
3334,112
3335,92
3336,115
3337,78
3338,61
3339,77
3340,42
3341,76
3342,17
3343,62
3344,71
3345,70
3346,43
3347,70
3348,70
3349,79
3350,109
3351,77
3352,50
3353,65
3354,62
3355,99
3356,64
3357,51
3358,103
3359,64
3360,114
3361,35
3362,82
3363,76
3364,103
3365,39
3366,83
3367,108
3368,57
3369,37
3370,61
3371,67
3372,93
3373,62
3374,75
3375,121
3376,107
3377,91
3378,91
3379,94
3380,46
3381,63
3382,75
3383,15
3384,112
3385,108
3386,106
3387,71
3388,76
3389,107
3390,70
3391,95
3392,87
3393,39
3394,61
3395,64
3396,90
3397,107
3398,77
3399,62
3400,53
3401,65
3402,83
3403,103
3404,110
3405,66
3406,55
3407,65
3408,50
3409,74
3410,68
3411,132
3412,135
3413,110
3414,80
3415,88
3416,68
3417,79
3418,119
3419,58
3420,70
3421,87
3422,76
3423,84
3424,41
3425,73
3426,88
3427,83
3428,100
3429,66
3430,77
3431,80
3432,69
3433,71
3434,41
3435,25
3436,106
3437,72
3438,81
3439,102
3440,27
3441,39
3442,63
3443,50
3444,83
3445,130
3446,142
3447,100
3448,91
3449,95
3450,52
3451,97
3452,70
3453,106
3454,95
3455,35
3456,55
3457,63
3458,99
3459,41
3460,87
3461,78
3462,48
3463,68
3464,80
3465,47
3466,53
3467,61
3468,118
3469,59
3470,116
3471,146
3472,76
3473,80
3474,66
3475,63
3476,104
3477,68
3478,73
3479,82
3480,68
3481,153
3482,101
3483,57
3484,113
3485,105
3486,137
3487,70
3488,113
3489,100
3490,61
3491,61
3492,79
3493,75
3494,58
3495,144
3496,102
3497,99
3498,98
3499,132
3500,102
3501,19
3502,94
3503,59
3504,106
3505,62
3506,113
3507,51
3508,66
3509,82
3510,91
3511,110
3512,100
3513,82
3514,127
3515,104
3516,52
3517,38
3518,82
3519,43
3520,61
3521,64
3522,92
3523,90
3524,64
3525,87
3526,76
3527,66
3528,111
3529,105
3530,42
3531,82
3532,87
3533,87
3534,53
3535,127
3536,164
3537,31
3538,84
3539,149
3540,39
3541,110
3542,100
3543,90
3544,47
3545,79
3546,61
3547,41
3548,91
3549,44
3550,104
3551,57
3552,166
3553,75
3554,58
3555,43
3556,125
3557,73
3558,86
3559,50
3560,87
3561,81
3562,117
3563,115
3564,72
3565,61
3566,57
3567,117
3568,52
3569,155
3570,95
3571,121
3572,47
3573,56
3574,92
3575,34
3576,40
3577,86
3578,86
3579,40
3580,117
3581,67
3582,39
3583,73
3584,77
3585,100
3586,94
3587,82
3588,74
3589,91
3590,75
3591,122
3592,19
3593,41
3594,103
3595,96
3596,52
3597,84
3598,52
3599,63
3600,170
3601,44
3602,75
3603,68
3604,46
3605,53
3606,120
3607,83
3608,103
3609,57
3610,87
3611,126
3612,92
3613,81
3614,74
3615,69
3616,78
3617,107
3618,90
3619,66
3620,37
3621,20
3622,78
3623,146
3624,115
3625,57
3626,23
3627,95
3628,25
3629,77
3630,38
3631,87
3632,64
3633,53
3634,61
3635,58
3636,78
3637,102
3638,115
3639,81
3640,62
3641,109
3642,114
3643,112
3644,71
3645,151
3646,56
3647,110
3648,70
3649,79
3650,55
3651,62
3652,67
3653,53
3654,91
3655,90
3656,58
3657,70
3658,78
3659,45
3660,92
3661,81
3662,99
3663,37
3664,48
3665,90
3666,60
3667,77
3668,129
3669,41
3670,97
3671,89
3672,70
3673,114
3674,135
3675,94
3676,46
3677,92
3678,105
3679,87
3680,93
3681,60
3682,64
3683,62
3684,119
3685,74
3686,63
3687,56
3688,101
3689,90
3690,99
3691,101
3692,93
3693,53
3694,55
3695,156
3696,68
3697,99
3698,65
3699,87
3700,94
3701,64
3702,74
3703,164
3704,65
3705,158
3706,56
3707,50
3708,75
3709,158
3710,165
3711,64
3712,85
3713,82
3714,105
3715,86
3716,45
3717,65
3718,89
3719,95
3720,72
3721,31
3722,106
3723,30
3724,80
3725,109
3726,44
3727,114
3728,156
3729,51
3730,67
3731,68
3732,57
3733,59
3734,113
3735,67
3736,73
3737,61
3738,82
3739,38
3740,86
3741,141
3742,34
3743,84
3744,131
3745,135
3746,83
3747,99
3748,92
3749,72
3750,47
3751,42
3752,62
3753,69
3754,100
3755,39
3756,94
3757,73
3758,90
3759,120
3760,137
3761,37
3762,57
3763,107
3764,72
3765,96
3766,63
3767,59
3768,99
3769,33
3770,73
3771,55
3772,114
3773,45
3774,101
3775,95
3776,76
3777,91
3778,74
3779,93
3780,51
3781,95
3782,68
3783,92
3784,61
3785,71
3786,73
3787,105
3788,72
3789,105
3790,122
3791,87
3792,47
3793,95
3794,63
3795,56
3796,69
3797,68
3798,89
3799,111
3800,25
3801,110
3802,100
3803,74
3804,64
3805,77
3806,112
3807,80
3808,50
3809,65
3810,71
3811,91
3812,88
3813,72
3814,50
3815,55
3816,74
3817,38
3818,41
3819,90
3820,48
3821,113
3822,130
3823,87
3824,101
3825,131
3826,99
3827,81
3828,76
3829,125
3830,109
3831,106
3832,53
3833,88
3834,57
3835,101
3836,72
3837,104
3838,47
3839,69
3840,61
3841,86
3842,105
3843,37
3844,35
3845,128
3846,131
3847,107
3848,99
3849,67
3850,72
3851,96
3852,74
3853,29
3854,80
3855,47
3856,46
3857,36
3858,46
3859,119
3860,57
3861,96
3862,49
3863,113
3864,125
3865,95
3866,61
3867,118
3868,69
3869,45
3870,88
3871,93
3872,106
3873,58
3874,69
3875,64
3876,78
3877,24
3878,94
3879,51
3880,67
3881,134
3882,75
3883,74
3884,66
3885,82
3886,90
3887,32
3888,99
3889,85
3890,112
3891,65
3892,118
3893,54
3894,69
3895,52
3896,61
3897,92
3898,87
3899,69
3900,58
3901,46
3902,90
3903,88
3904,41
3905,75
3906,85
3907,57
3908,50
3909,30
3910,67
3911,69
3912,59
3913,123
3914,73
3915,95
3916,82
3917,66
3918,64
3919,64
3920,73
3921,97
3922,134
3923,49
3924,65
3925,74
3926,125
3927,77
3928,80
3929,82
3930,116
3931,77
3932,58
3933,90
3934,160
3935,72
3936,82
3937,119
3938,28
3939,45
3940,72
3941,56
3942,42
3943,175
3944,74
3945,78
3946,116
3947,117
3948,63
3949,92
3950,54
3951,61
3952,122
3953,57
3954,107
3955,85
3956,83
3957,84
3958,42
3959,95
3960,71
3961,74
3962,83
3963,79
3964,48
3965,113
3966,107
3967,131
3968,44
3969,43
3970,110
3971,80
3972,59
3973,22
3974,77
3975,63
3976,49
3977,38
3978,84
3979,65
3980,91
3981,67
3982,71
3983,113
3984,63
3985,36
3986,107
3987,64
3988,135
3989,66
3990,86
3991,105
3992,87
3993,147
3994,66
3995,85
3996,72
3997,50
3998,65
3999,107
4000,63
4001,105
4002,60
4003,120
4004,49
4005,42
4006,59
4007,66
4008,110
4009,103
4010,51
4011,87
4012,56
4013,103
4014,67
4015,75
4016,75
4017,56
4018,45
4019,60
4020,67
4021,145
4022,93
4023,86
4024,62
4025,101
4026,61
4027,96
4028,73
4029,57
4030,78
4031,89
4032,62
4033,80
4034,73
4035,86
4036,90
4037,43
4038,89
4039,70
4040,63
4041,85
4042,126
4043,70
4044,39
4045,118
4046,90
4047,62
4048,140
4049,34
4050,29
4051,39
4052,70
4053,88
4054,94
4055,60
4056,94
4057,62
4058,102
4059,55
4060,41
4061,69
4062,105
4063,76
4064,62
4065,54
4066,100
4067,45
4068,47
4069,122
4070,112
4071,35
4072,91
4073,76
4074,81
4075,60
4076,64
4077,56
4078,59
4079,83
4080,120
4081,133
4082,76
4083,77
4084,38
4085,82
4086,113
4087,36
4088,90
4089,55
4090,110
4091,66
4092,51
4093,57
4094,108
4095,55
4096,50
4097,85
4098,92
4099,124
4100,52
4101,47
4102,54
4103,108
4104,92
4105,103
4106,119
4107,50
4108,87
4109,38
4110,104
4111,76
4112,89
4113,77
4114,56
4115,65
4116,39
4117,55
4118,89
4119,72
4120,92
4121,86
4122,37
4123,70
4124,57
4125,120
4126,107
4127,42
4128,97
4129,53
4130,72
4131,56
4132,107
4133,27
4134,116
4135,96
4136,77
4137,124
4138,50
4139,88
4140,55
4141,125
4142,42
4143,88
4144,39
4145,88
4146,84
4147,56
4148,97
4149,32
4150,112
4151,85
4152,106
4153,102
4154,49
4155,79
4156,122
4157,66
4158,82
4159,53
4160,73
4161,75
4162,94
4163,45
4164,68
4165,108
4166,85
4167,118
4168,67
4169,71
4170,132
4171,50
4172,50
4173,80
4174,109
4175,88
4176,66
4177,56
4178,78
4179,61
4180,96
4181,71
4182,87
4183,54
4184,86
4185,114
4186,100
4187,49
4188,27
4189,81
4190,93
4191,92
4192,88
4193,88
4194,153
4195,103
4196,91
4197,65
4198,94
4199,105
4200,31
4201,84
4202,59
4203,109
4204,121
4205,41
4206,96
4207,88
4208,25
4209,106
4210,126
4211,69
4212,92
4213,96
4214,109
4215,83
4216,62
4217,91
4218,96
4219,67
4220,150
4221,94
4222,95
4223,51
4224,49
4225,65
4226,95
4227,54
4228,47
4229,65
4230,119
4231,103
4232,63
4233,85
4234,85
4235,103
4236,91
4237,101
4238,94
4239,120
4240,69
4241,63
4242,48
4243,110
4244,66
4245,67
4246,70
4247,62
4248,120
4249,48
4250,103
4251,62
4252,20
4253,110
4254,84
4255,46
4256,66
4257,86
4258,65
4259,84
4260,143
4261,66
4262,41
4263,138
4264,71
4265,51
4266,71
4267,86
4268,73
4269,58
4270,82
4271,59
4272,75
4273,93
4274,73
4275,92
4276,83
4277,92
4278,96
4279,79
4280,98
4281,74
4282,83
4283,88
4284,61
4285,87
4286,103
4287,83
4288,118
4289,93
4290,64
4291,81
4292,37
4293,107
4294,107
4295,87
4296,135
4297,90
4298,38
4299,80
4300,103
4301,51
4302,96
4303,55
4304,107
4305,55
4306,90
4307,133
4308,87
4309,101
4310,120
4311,82
4312,49
4313,80
4314,93
4315,63
4316,118
4317,32
4318,83
4319,61
4320,67
4321,87
4322,86
4323,46
4324,127
4325,66
4326,66
4327,49
4328,121
4329,48
4330,70
4331,37
4332,108
4333,110
4334,39
4335,101
4336,69
4337,45
4338,83
4339,81
4340,128
4341,87
4342,58
4343,87
4344,53
4345,75
4346,95
4347,52
4348,59
4349,99
4350,47
4351,103
4352,64
4353,59
4354,109
4355,60
4356,103
4357,67
4358,120
4359,75
4360,123
4361,62
4362,114
4363,36
4364,73
4365,105
4366,45
4367,39
4368,75
4369,52
4370,112
4371,62
4372,49
4373,82
4374,38
4375,33
4376,83
4377,59
4378,72
4379,75
4380,79
4381,57
4382,34
4383,72
4384,40
4385,71
4386,73
4387,71
4388,117
4389,54
4390,106
4391,84
4392,71
4393,68
4394,61
4395,70
4396,126
4397,63
4398,96
4399,112
4400,51
4401,40
4402,128
4403,138
4404,67
4405,102
4406,80
4407,124
4408,99
4409,29
4410,65
4411,86
4412,115
4413,126
4414,66
4415,94
4416,65
4417,59
4418,133
4419,75
4420,52
4421,63
4422,99
4423,48
4424,75
4425,91
4426,89
4427,17
4428,52
4429,66
4430,61
4431,88
4432,79
4433,86
4434,41
4435,128
4436,74
4437,105
4438,67
4439,108
4440,104
4441,115
4442,75
4443,55
4444,67
4445,29
4446,96
4447,82
4448,37
4449,91
4450,76
4451,45
4452,51
4453,129
4454,94
4455,75
4456,54
4457,112
4458,91
4459,65
4460,49
4461,40
4462,76
4463,100
4464,41
4465,67
4466,130
4467,71
4468,58
4469,105
4470,89
4471,85
4472,32
4473,72
4474,101
4475,45
4476,75
4477,46
4478,63
4479,104
4480,76
4481,57
4482,97
4483,57
4484,106
4485,66
4486,55
4487,71
4488,69
4489,85
4490,63
4491,114
4492,113
4493,93
4494,52
4495,87
4496,160
4497,45
4498,117
4499,59
4500,105
4501,55
4502,75
4503,41
4504,98
4505,77
4506,84
4507,63
4508,57
4509,67
4510,111
4511,102
4512,72
4513,33
4514,76
4515,144
4516,124
4517,96
4518,59
4519,100
4520,50
4521,91
4522,30
4523,79
4524,154
4525,74
4526,74
4527,166
4528,60
4529,49
4530,123
4531,33
4532,91
4533,88
4534,57
4535,74
4536,129
4537,110
4538,51
4539,87
4540,61
4541,95
4542,108
4543,93
4544,79
4545,82
4546,122
4547,73
4548,113
4549,86
4550,39
4551,63
4552,39
4553,75
4554,98
4555,85
4556,94
4557,70
4558,78
4559,49
4560,129
4561,43
4562,36
4563,98
4564,82
4565,85
4566,39
4567,86
4568,94
4569,90
4570,146
4571,112
4572,102
4573,50
4574,28
4575,60
4576,58
4577,54
4578,71
4579,91
4580,76
4581,76
4582,106
4583,73
4584,41
4585,70
4586,144
4587,47
4588,151
4589,77
4590,39
4591,112
4592,195
4593,55
4594,86
4595,117
4596,119
4597,35
4598,67
4599,60
4600,86
4601,142
4602,83
4603,110
4604,86
4605,77
4606,62
4607,107
4608,67
4609,51
4610,54
4611,67
4612,90
4613,57
4614,16
4615,110
4616,92
4617,25
4618,116
4619,34
4620,51
4621,134
4622,124
4623,100
4624,68
4625,98
4626,78
4627,138
4628,87
4629,106
4630,98
4631,148
4632,16
4633,50
4634,69
4635,79
4636,93
4637,74
4638,65
4639,19
4640,78
4641,72
4642,77
4643,89
4644,77
4645,147
4646,63
4647,64
4648,46
4649,80
4650,64
4651,80
4652,69
4653,75
4654,85
4655,92
4656,114
4657,52
4658,102
4659,29
4660,73
4661,53
4662,114
4663,51
4664,99
4665,69
4666,94
4667,80
4668,42
4669,86
4670,108
4671,79
4672,60
4673,73
4674,131
4675,100
4676,62
4677,91
4678,97
4679,111
4680,93
4681,74
4682,61
4683,58
4684,80
4685,60
4686,35
4687,73
4688,98
4689,99
4690,71
4691,70
4692,87
4693,27
4694,37
4695,89
4696,91
4697,89
4698,107
4699,28
4700,115
4701,116
4702,33
4703,81
4704,118
4705,87
4706,93
4707,65
4708,100
4709,68
4710,77
4711,68
4712,63
4713,90
4714,147
4715,40
4716,70
4717,66
4718,65
4719,61
4720,70
4721,75
4722,65
4723,42
4724,57
4725,46
4726,70
4727,87
4728,92
4729,46
4730,90
4731,114
4732,60
4733,162
4734,89
4735,66
4736,41
4737,67
4738,34
4739,100
4740,39
4741,116
4742,78
4743,105
4744,68
4745,68
4746,79
4747,74
4748,70
4749,89
4750,110
4751,45
4752,139
4753,40
4754,69
4755,55
4756,52
4757,40
4758,75
4759,75
4760,99
4761,123
4762,47
4763,127
4764,77
4765,87
4766,81
4767,88
4768,63
4769,49
4770,94
4771,77
4772,157
4773,129
4774,38
4775,29
4776,14
4777,74
4778,43
4779,115
4780,51
4781,44
4782,82
4783,44
4784,132
4785,113
4786,82
4787,77
4788,109
4789,57
4790,33
4791,125
4792,107
4793,90
4794,87
4795,116
4796,32
4797,66
4798,42
4799,79
4800,82
4801,86
4802,120
4803,23
4804,93
4805,114
4806,102
4807,65
4808,57
4809,48
4810,49
4811,174
4812,83
4813,76
4814,107
4815,116
4816,80
4817,47
4818,59
4819,70
4820,101
4821,90
4822,96
4823,65
4824,124
4825,87
4826,34
4827,75
4828,78
4829,90
4830,85
4831,97
4832,114
4833,69
4834,62
4835,48
4836,53
4837,81
4838,27
4839,90
4840,54
4841,80
4842,80
4843,13
4844,66
4845,122
4846,84
4847,57
4848,15
4849,77
4850,78
4851,73
4852,65
4853,80
4854,133
4855,103
4856,91
4857,66
4858,59
4859,53
4860,100
4861,66
4862,84
4863,138
4864,87
4865,131
4866,46
4867,55
4868,68
4869,67
4870,48
4871,61
4872,59
4873,75
4874,151
4875,89
4876,50
4877,79
4878,29
4879,55
4880,101
4881,78
4882,57
4883,64
4884,71
4885,88
4886,90
4887,67
4888,40
4889,95
4890,30
4891,89
4892,51
4893,95
4894,131
4895,57
4896,102
4897,119
4898,81
4899,43
4900,79
4901,97
4902,47
4903,69
4904,63
4905,69
4906,98
4907,87
4908,49
4909,40
4910,72
4911,74
4912,135
4913,69
4914,66
4915,63
4916,95
4917,135
4918,75
4919,100
4920,57
4921,152
4922,88
4923,126
4924,97
4925,87
4926,94
4927,74
4928,107
4929,106
4930,96
4931,69
4932,98
4933,69
4934,60
4935,51
4936,70
4937,96
4938,61
4939,113
4940,82
4941,63
4942,94
4943,86
4944,39
4945,111
4946,97
4947,106
4948,104
4949,72
4950,130
4951,68
4952,23
4953,68
4954,76
4955,85
4956,116
4957,74
4958,51
4959,53
4960,75
4961,67
4962,65
4963,65
4964,41
4965,83
4966,91
4967,80
4968,87
4969,44
4970,84
4971,69
4972,25
4973,102
4974,67
4975,89
4976,55
4977,78
4978,80
4979,61
4980,137
4981,64
4982,61
4983,42
4984,66
4985,110
4986,162
4987,79
4988,70
4989,107
4990,69
4991,44
4992,92
4993,78
4994,101
4995,76
4996,116
4997,62
4998,87
4999,68
5000,94
5001,95
5002,26
5003,59
5004,77
5005,34
5006,55
5007,101
5008,59
5009,63
5010,70
5011,74
5012,32
5013,68
5014,87
5015,81
5016,79
5017,51
5018,106
5019,73
5020,142
5021,80
5022,75
5023,58
5024,42
5025,135
5026,140
5027,85
5028,33
5029,100
5030,61
5031,66
5032,69
5033,74
5034,111
5035,89
5036,68
5037,73
5038,61
5039,110
5040,67
5041,93
5042,71
5043,87
5044,90
5045,101
5046,46
5047,95
5048,24
5049,34
5050,145
5051,80
5052,87
5053,66
5054,102
5055,92
5056,104
5057,88
5058,61
5059,42
5060,59
5061,120
5062,70
5063,89
5064,88
5065,124
5066,58
5067,95
5068,41
5069,81
5070,77
5071,85
5072,53
5073,112
5074,90
5075,144
5076,76
5077,85
5078,110
5079,67
5080,90
5081,40
5082,136
5083,89
5084,22
5085,53
5086,96
5087,93
5088,144
5089,55
5090,89
5091,37
5092,65
5093,42
5094,100
5095,78
5096,71
5097,94
5098,113
5099,61
5100,92
5101,100
5102,82
5103,63
5104,61
5105,86
5106,80
5107,122
5108,103
5109,99
5110,119
5111,47
5112,64
5113,75
5114,88
5115,81
5116,79
5117,69
5118,66
5119,44
5120,89
5121,103
5122,57
5123,55
5124,73
5125,106
5126,63
5127,78
5128,28
5129,14
5130,56
5131,80
5132,120
5133,36
5134,79
5135,103
5136,44
5137,59
5138,44
5139,150
5140,45
5141,92
5142,128
5143,41
5144,17
5145,44
5146,56
5147,69
5148,40
5149,67
5150,92
5151,84
5152,99
5153,63
5154,67
5155,70
5156,77
5157,119
5158,68
5159,16
5160,106
5161,122
5162,76
5163,41
5164,113
5165,60
5166,94
5167,81
5168,100
5169,112
5170,82
5171,50
5172,50
5173,54
5174,37
5175,61
5176,73
5177,81
5178,68
5179,106
5180,137
5181,96
5182,56
5183,32
5184,59
5185,79
5186,100
5187,56
5188,99
5189,33
5190,95
5191,63
5192,92
5193,83
5194,57
5195,59
5196,72
5197,49
5198,73
5199,67
5200,62
5201,87
5202,85
5203,104
5204,140
5205,141
5206,39
5207,89
5208,78
5209,72
5210,52
5211,64
5212,55
5213,59
5214,66
5215,69
5216,90
5217,61
5218,129
5219,103
5220,54
5221,88
5222,78
5223,49
5224,73
5225,61
5226,76
5227,62
5228,56
5229,120
5230,59
5231,117
5232,87
5233,70
5234,93
5235,73
5236,98
5237,87
5238,121
5239,74
5240,76
5241,57
5242,90
5243,84
5244,83
5245,94
5246,104
5247,63
5248,62
5249,64
5250,121
5251,86
5252,120
5253,32
5254,73
5255,87
5256,136
5257,79
5258,58
5259,106
5260,127
5261,106
5262,95
5263,93
5264,21
5265,115
5266,89
5267,114
5268,77
5269,71
5270,80
5271,99
5272,78
5273,97
5274,62
5275,58
5276,80
5277,75
5278,91
5279,81
5280,16
5281,47
5282,104
5283,99
5284,81
5285,17
5286,70
5287,24
5288,131
5289,78
5290,121
5291,54
5292,105
5293,95
5294,75
5295,100
5296,71
5297,25
5298,73
5299,25
5300,96
5301,82
5302,67
5303,76
5304,126
5305,121
5306,70
5307,124
5308,143
5309,69
5310,72
5311,84
5312,25
5313,38
5314,81
5315,83
5316,90
5317,81
5318,99
5319,59
5320,58
5321,55
5322,92
5323,53
5324,74
5325,31
5326,92
5327,121
5328,62
5329,96
5330,75
5331,81
5332,58
5333,61
5334,114
5335,77
5336,103
5337,108
5338,84
5339,105
5340,160
5341,44
5342,62
5343,114
5344,96
5345,101
5346,51
5347,57
5348,85
5349,71
5350,48
5351,33
5352,102
5353,65
5354,50
5355,88
5356,136
5357,70
5358,122
5359,87
5360,83
5361,70
5362,56
5363,123
5364,124
5365,81
5366,86
5367,76
5368,126
5369,54
5370,75
5371,87
5372,43
5373,147
5374,77
5375,94
5376,64
5377,71
5378,95
5379,60
5380,70
5381,88
5382,64
5383,75
5384,58
5385,93
5386,73
5387,116
5388,72
5389,54
5390,103
5391,124
5392,35
5393,77
5394,79
5395,77
5396,74
5397,59
5398,77
5399,113
5400,101
5401,38
5402,92
5403,84
5404,74
5405,120
5406,64
5407,98
5408,76
5409,77
5410,77
5411,65
5412,56
5413,51
5414,38
5415,60
5416,110
5417,47
5418,86
5419,123
5420,84
5421,97
5422,54
5423,128
5424,82
5425,47
5426,73
5427,50
5428,96
5429,64
5430,47
5431,37
5432,25
5433,109
5434,53
5435,102
5436,91
5437,33
5438,53
5439,78
5440,96
5441,155
5442,52
5443,60
5444,76
5445,62
5446,33
5447,64
5448,46
5449,119
5450,133
5451,81
5452,81
5453,127
5454,57
5455,80
5456,79
5457,67
5458,49
5459,47
5460,73
5461,70
5462,93
5463,149
5464,71
5465,100
5466,56
5467,84
5468,100
5469,105
5470,60
5471,52
5472,59
5473,94
5474,72
5475,100
5476,62
5477,46
5478,48
5479,84
5480,106
5481,86
5482,96
5483,139
5484,73
5485,74
5486,102
5487,63
5488,63
5489,97
5490,122
5491,62
5492,91
5493,52
5494,103
5495,69
5496,98
5497,158
5498,98
5499,42
5500,104
5501,38
5502,87
5503,94
5504,52
5505,82
5506,104
5507,73
5508,85
5509,107
5510,77
5511,58
5512,87
5513,81
5514,127
5515,95
5516,62
5517,81
5518,86
5519,125
5520,110
5521,47
5522,67
5523,85
5524,124
5525,75
5526,87
5527,69
5528,85
5529,87
5530,97
5531,80
5532,87
5533,65
5534,63
5535,121
5536,30
5537,50
5538,87
5539,91
5540,67
5541,57
5542,119
5543,37
5544,74
5545,103
5546,47
5547,76
5548,103
5549,48
5550,88
5551,124
5552,43
5553,28
5554,111
5555,67
5556,57
5557,34
5558,107
5559,65
5560,106
5561,107
5562,90
5563,78
5564,86
5565,83
5566,69
5567,80
5568,79
5569,45
5570,121
5571,76
5572,177
5573,107
5574,85
5575,80
5576,76
5577,84
5578,19
5579,80
5580,91
5581,68
5582,82
5583,37
5584,66
5585,42
5586,98
5587,86
5588,47
5589,83
5590,125
5591,58
5592,89
5593,42
5594,45
5595,60
5596,74
5597,66
5598,71
5599,75
5600,74
5601,53
5602,58
5603,51
5604,67
5605,96
5606,91
5607,79
5608,104
5609,34
5610,65
5611,94
5612,37
5613,72
5614,51
5615,54
5616,86
5617,67
5618,88
5619,41
5620,42
5621,79
5622,78
5623,118
5624,80
5625,78
5626,63
5627,85
5628,88
5629,83
5630,69
5631,82
5632,73
5633,181
5634,93
5635,112
5636,44
5637,47
5638,112
5639,50
5640,99
5641,79
5642,94
5643,74
5644,86
5645,131
5646,67
5647,83
5648,110
5649,101
5650,72
5651,90
5652,56
5653,97
5654,78
5655,76
5656,77
5657,56
5658,132
5659,43
5660,67
5661,60
5662,105
5663,94
5664,79
5665,97
5666,76
5667,76
5668,60
5669,66
5670,75
5671,120
5672,81
5673,127
5674,109
5675,23
5676,58
5677,90
5678,62
5679,92
5680,51
5681,104
5682,65
5683,142
5684,49
5685,120
5686,63
5687,98
5688,46
5689,124
5690,60
5691,29
5692,73
5693,82
5694,54
5695,75
5696,77
5697,122
5698,41
5699,122
5700,106
5701,68
5702,70
5703,91
5704,63
5705,105
5706,58
5707,63
5708,58
5709,82
5710,107
5711,73
5712,113
5713,85
5714,42
5715,117
5716,110
5717,91
5718,69
5719,116
5720,43
5721,65
5722,85
5723,73
5724,85
5725,69
5726,47
5727,86
5728,104
5729,43
5730,46
5731,83
5732,127
5733,78
5734,90
5735,86
5736,51
5737,82
5738,130
5739,59
5740,71
5741,86
5742,87
5743,118
5744,94
5745,125
5746,95
5747,42
5748,107
5749,38
5750,33
5751,36
5752,56
5753,88
5754,78
5755,81
5756,139
5757,101
5758,129
5759,76
5760,105
5761,141
5762,65
5763,84
5764,88
5765,64
5766,120
5767,60
5768,91
5769,105
5770,60
5771,86
5772,116
5773,85
5774,115
5775,58
5776,65
5777,78
5778,73
5779,103
5780,97
5781,56
5782,99
5783,57
5784,132
5785,32
5786,81
5787,140
5788,64
5789,101
5790,144
5791,75
5792,50
5793,57
5794,58
5795,42
5796,108
5797,56
5798,111
5799,67
5800,46
5801,54
5802,91
5803,38
5804,96
5805,66
5806,78
5807,28
5808,71
5809,132
5810,98
5811,30
5812,96
5813,96
5814,94
5815,67
5816,81
5817,47
5818,46
5819,25
5820,85
5821,64
5822,87
5823,53
5824,70
5825,110
5826,116
5827,93
5828,57
5829,74
5830,109
5831,48
5832,39
5833,66
5834,63
5835,67
5836,30
5837,103
5838,79
5839,56
5840,87
5841,87
5842,212
5843,101
5844,183
5845,74
5846,77
5847,99
5848,58
5849,91
5850,164
5851,27
5852,68
5853,95
5854,93
5855,67
5856,81
5857,56
5858,49
5859,68
5860,113
5861,75
5862,71
5863,87
5864,62
5865,88
5866,66
5867,111
5868,99
5869,126
5870,114
5871,49
5872,116
5873,77
5874,82
5875,65
5876,85
5877,49
5878,27
5879,95
5880,119
5881,67
5882,149
5883,152
5884,119
5885,109
5886,63
5887,60
5888,126
5889,82
5890,66
5891,87
5892,74
5893,133
5894,84
5895,94
5896,119
5897,22
5898,40
5899,42
5900,35
5901,56
5902,142
5903,93
5904,81
5905,76
5906,135
5907,104
5908,50
5909,87
5910,74
5911,58
5912,56
5913,44
5914,97
5915,67
5916,100
5917,86
5918,46
5919,55
5920,73
5921,63
5922,103
5923,60
5924,151
5925,77
5926,112
5927,88
5928,102
5929,79
5930,55
5931,60
5932,81
5933,132
5934,45
5935,93
5936,84
5937,129
5938,82
5939,130
5940,39
5941,83
5942,86
5943,73
5944,69
5945,85
5946,80
5947,75
5948,88
5949,115
5950,65
5951,91
5952,73
5953,81
5954,64
5955,71
5956,120
5957,60
5958,92
5959,111
5960,90
5961,103
5962,96
5963,26
5964,51
5965,75
5966,86
5967,46
5968,69
5969,66
5970,100
5971,94
5972,68
5973,98
5974,46
5975,65
5976,97
5977,71
5978,47
5979,89
5980,68
5981,58
5982,105
5983,36
5984,93
5985,62
5986,115
5987,64
5988,115
5989,79
5990,99
5991,85
5992,25
5993,65
5994,45
5995,97
5996,95
5997,60
5998,85
5999,68
6000,40
6001,158
6002,39
6003,127
6004,122
6005,59
6006,37
6007,73
6008,91
6009,80
6010,76
6011,185
6012,146
6013,71
6014,107
6015,46
6016,82
6017,53
6018,91
6019,64
6020,77
6021,107
6022,67
6023,105
6024,45
6025,105
6026,56
6027,98
6028,73
6029,87
6030,109
6031,76
6032,98
6033,173
6034,76
6035,108
6036,79
6037,112
6038,131
6039,123
6040,39
6041,90
6042,67
6043,56
6044,95
6045,146
6046,89
6047,77
6048,84
6049,22
6050,99
6051,29
6052,118
6053,136
6054,145
6055,104
6056,102
6057,67
6058,57
6059,79
6060,122
6061,100
6062,48
6063,131
6064,79
6065,52
6066,81
6067,69
6068,67
6069,119
6070,92
6071,65
6072,71
6073,82
6074,71
6075,61
6076,51
6077,85
6078,91
6079,56
6080,99
6081,72
6082,83
6083,50
6084,99
6085,46
6086,61
6087,110
6088,74
6089,82
6090,62
6091,98
6092,98
6093,78
6094,21
6095,89
6096,59
6097,100
6098,96
6099,70
6100,89
6101,83
6102,89
6103,106
6104,80
6105,114
6106,96
6107,67
6108,60
6109,90
6110,67
6111,39
6112,47
6113,107
6114,72
6115,101
6116,106
6117,85
6118,99
6119,57
6120,103
6121,127
6122,135
6123,94
6124,67
6125,77
6126,19
6127,80
6128,25
6129,76
6130,99
6131,99
6132,111
6133,72
6134,133
6135,98
6136,55
6137,74
6138,103
6139,27
6140,100
6141,65
6142,107
6143,71
6144,35
6145,71
6146,57
6147,80
6148,96
6149,76
6150,125
6151,83
6152,109
6153,54
6154,18
6155,70
6156,98
6157,70
6158,73
6159,108
6160,99
6161,118
6162,62
6163,23
6164,75
6165,100
6166,84
6167,25
6168,115
6169,49
6170,56
6171,93
6172,76
6173,78
6174,78
6175,55
6176,66
6177,42
6178,47
6179,87
6180,52
6181,82
6182,96
6183,81
6184,33
6185,84
6186,48
6187,71
6188,64
6189,94
6190,154
6191,75
6192,32
6193,84
6194,107
6195,124
6196,159
6197,95
6198,82
6199,113
6200,64
6201,96
6202,45
6203,87
6204,87
6205,102
6206,17
6207,73
6208,72
6209,48
6210,185
6211,73
6212,90
6213,73
6214,90
6215,97
6216,54
6217,114
6218,129
6219,67
6220,114
6221,97
6222,50
6223,55
6224,96
6225,94
6226,100
6227,49
6228,86
6229,139
6230,69
6231,29
6232,38
6233,51
6234,52
6235,51
6236,83
6237,109
6238,166
6239,56
6240,109
6241,68
6242,87
6243,78
6244,87
6245,103
6246,38
6247,68
6248,61
6249,85
6250,71
6251,100
6252,88
6253,126
6254,83
6255,91
6256,113
6257,57
6258,38
6259,50
6260,78
6261,103
6262,61
6263,59
6264,90
6265,73
6266,71
6267,125
6268,42
6269,84
6270,77
6271,119
6272,85
6273,49
6274,63
6275,100
6276,46
6277,69
6278,87
6279,76
6280,54
6281,91
6282,134
6283,106
6284,59
6285,84
6286,67
6287,121
6288,53
6289,149
6290,120
6291,97
6292,102
6293,78
6294,59
6295,66
6296,74
6297,67
6298,79
6299,136
6300,64
6301,157
6302,108
6303,123
6304,35
6305,105
6306,57
6307,77
6308,79
6309,61
6310,92
6311,50
6312,64
6313,68
6314,48
6315,93
6316,69
6317,70
6318,44
6319,41
6320,80
6321,109
6322,107
6323,105
6324,26
6325,15
6326,62
6327,60
6328,96
6329,83
6330,120
6331,74
6332,78
6333,89
6334,39
6335,74
6336,90
6337,33
6338,84
6339,108
6340,46
6341,110
6342,92
6343,94
6344,76
6345,91
6346,26
6347,96
6348,121
6349,117
6350,143
6351,38
6352,50
6353,41
6354,81
6355,57
6356,71
6357,15
6358,29
6359,78
6360,83
6361,70
6362,82
6363,112
6364,87
6365,91
6366,58
6367,112
6368,32
6369,76
6370,50
6371,65
6372,90
6373,100
6374,85
6375,58
6376,83
6377,80
6378,38
6379,68
6380,96
6381,50
6382,105
6383,42
6384,56
6385,111
6386,69
6387,80
6388,37
6389,46
6390,95
6391,81
6392,85
6393,103
6394,36
6395,64
6396,70
6397,50
6398,111
6399,94
6400,68
6401,99
6402,101
6403,105
6404,118
6405,73
6406,84
6407,121
6408,95
6409,43
6410,109
6411,77
6412,56
6413,175
6414,115
6415,83
6416,66
6417,69
6418,52
6419,70
6420,89
6421,69
6422,77
6423,85
6424,92
6425,56
6426,47
6427,100
6428,43
6429,31
6430,31
6431,57
6432,59
6433,71
6434,48
6435,110
6436,67
6437,160
6438,73
6439,86
6440,90
6441,46
6442,12
6443,102
6444,76
6445,96
6446,68
6447,128
6448,64
6449,76
6450,72
6451,79
6452,59
6453,123
6454,95
6455,72
6456,46
6457,61
6458,48
6459,66
6460,38
6461,57
6462,50
6463,144
6464,84
6465,65
6466,67
6467,73
6468,58
6469,49
6470,76
6471,103
6472,115
6473,129
6474,71
6475,112
6476,105
6477,108
6478,105
6479,58
6480,86
6481,68
6482,97
6483,59
6484,70
6485,55
6486,50
6487,41
6488,100
6489,77
6490,103
6491,79
6492,67
6493,128
6494,113
6495,105
6496,48
6497,23
6498,68
6499,56
6500,54
6501,43
6502,64
6503,92
6504,79
6505,81
6506,115
6507,83
6508,69
6509,152
6510,80
6511,126
6512,81
6513,108
6514,51
6515,66
6516,60
6517,74
6518,113
6519,103
6520,23
6521,53
6522,53
6523,109
6524,119
6525,55
6526,90
6527,71
6528,83
6529,93
6530,88
6531,132
6532,45
6533,111
6534,93
6535,52
6536,105
6537,78
6538,132
6539,63
6540,143
6541,102
6542,103
6543,107
6544,79
6545,86
6546,38
6547,84
6548,39
6549,94
6550,64
6551,49
6552,92
6553,114
6554,67
6555,118
6556,119
6557,36
6558,120
6559,113
6560,56
6561,136
6562,78
6563,93
6564,66
6565,89
6566,88
6567,81
6568,63
6569,80
6570,126
6571,86
6572,84
6573,39
6574,56
6575,93
6576,98
6577,119
6578,104
6579,120
6580,91
6581,46
6582,113
6583,47
6584,79
6585,116
6586,100
6587,52
6588,66
6589,30
6590,60
6591,71
6592,97
6593,98
6594,119
6595,65
6596,96
6597,92
6598,83
6599,102
6600,39
6601,71
6602,53
6603,87
6604,81
6605,124
6606,38
6607,79
6608,46
6609,68
6610,69
6611,72
6612,107
6613,87
6614,67
6615,75
6616,52
6617,107
6618,64
6619,47
6620,34
6621,111
6622,118
6623,51
6624,87
6625,67
6626,163
6627,106
6628,74
6629,75
6630,98
6631,52
6632,105
6633,70
6634,39
6635,86
6636,88
6637,100
6638,67
6639,98
6640,87
6641,95
6642,39
6643,35
6644,97
6645,77
6646,56
6647,76
6648,123
6649,60
6650,116
6651,42
6652,132
6653,78
6654,116
6655,58
6656,59
6657,62
6658,132
6659,81
6660,58
6661,63
6662,49
6663,90
6664,61
6665,83
6666,115
6667,75
6668,131
6669,61
6670,52
6671,84
6672,114
6673,92
6674,55
6675,91
6676,69
6677,110
6678,194
6679,134
6680,95
6681,122
6682,36
6683,36
6684,103
6685,95
6686,92
6687,85
6688,58
6689,56
6690,70
6691,115
6692,110
6693,90
6694,136
6695,60
6696,80
6697,62
6698,86
6699,70
6700,87
6701,88
6702,73
6703,84
6704,63
6705,73
6706,98
6707,91
6708,124
6709,66
6710,59
6711,99
6712,80
6713,88
6714,122
6715,86
6716,70
6717,128
6718,159
6719,82
6720,85
6721,58
6722,60
6723,110
6724,50
6725,114
6726,54
6727,129
6728,79
6729,92
6730,104
6731,87
6732,85
6733,51
6734,103
6735,76
6736,42
6737,85
6738,87
6739,98
6740,71
6741,77
6742,173
6743,90
6744,59
6745,59
6746,68
6747,77
6748,54
6749,83
6750,86
6751,46
6752,44
6753,61
6754,115
6755,80
6756,47
6757,129
6758,62
6759,54
6760,92
6761,161
6762,37
6763,57
6764,78
6765,46
6766,51
6767,117
6768,58
6769,137
6770,91
6771,100
6772,192
6773,96
6774,45
6775,68
6776,51
6777,72
6778,84
6779,89
6780,65
6781,109
6782,81
6783,121
6784,103
6785,99
6786,45
6787,116
6788,77
6789,179
6790,61
6791,56
6792,79
6793,79
6794,68
6795,59
6796,65
6797,76
6798,126
6799,67
6800,94
6801,82
6802,76
6803,55
6804,119
6805,116
6806,36
6807,100
6808,138
6809,61
6810,69
6811,66
6812,118
6813,69
6814,86
6815,73
6816,150
6817,116
6818,76
6819,149
6820,116
6821,82
6822,82
6823,117
6824,81
6825,40
6826,72
6827,79
6828,89
6829,89
6830,114
6831,55
6832,63
6833,69
6834,80
6835,80
6836,45
6837,41
6838,56
6839,72
6840,55
6841,46
6842,94
6843,98
6844,64
6845,92
6846,52
6847,103
6848,70
6849,76
6850,97
6851,80
6852,103
6853,73
6854,183
6855,116
6856,138
6857,101
6858,68
6859,112
6860,82
6861,33
6862,109
6863,102
6864,70
6865,85
6866,73
6867,112
6868,69
6869,87
6870,92
6871,89
6872,110
6873,72
6874,41
6875,65
6876,88
6877,70
6878,23
6879,74
6880,67
6881,41
6882,74
6883,98
6884,84
6885,56
6886,64
6887,65
6888,54
6889,77
6890,106
6891,72
6892,44
6893,113
6894,75
6895,77
6896,100
6897,67
6898,66
6899,45
6900,60
6901,59
6902,62
6903,59
6904,69
6905,107
6906,95
6907,76
6908,41
6909,49
6910,34
6911,77
6912,93
6913,94
6914,93
6915,113
6916,52
6917,67
6918,67
6919,59
6920,100
6921,66
6922,53
6923,64
6924,87
6925,35
6926,117
6927,60
6928,138
6929,63
6930,90
6931,133
6932,74
6933,110
6934,92
6935,66
6936,47
6937,105
6938,97
6939,93
6940,55
6941,92
6942,94
6943,116
6944,73
6945,117
6946,46
6947,61
6948,68
6949,75
6950,95
6951,45
6952,59
6953,62
6954,91
6955,62
6956,83
6957,85
6958,53
6959,83
6960,44
6961,110
6962,53
6963,177
6964,67
6965,56
6966,87
6967,121
6968,68
6969,105
6970,38
6971,89
6972,74
6973,87
6974,14
6975,85
6976,123
6977,152
6978,84
6979,98
6980,47
6981,54
6982,78
6983,88
6984,70
6985,92
6986,78
6987,83
6988,111
6989,50
6990,94
6991,70
6992,77
6993,61
6994,58
6995,96
6996,96
6997,74
6998,84
6999,82
7000,13
7001,53
7002,115
7003,55
7004,125
7005,85
7006,46
7007,71
7008,86
7009,146
7010,116
7011,119
7012,10
7013,163
7014,109
7015,71
7016,78
7017,80
7018,98
7019,107
7020,91
7021,21
7022,83
7023,90
7024,76
7025,42
7026,68
7027,148
7028,52
7029,97
7030,86
7031,34
7032,81
7033,49
7034,57
7035,59
7036,155
7037,76
7038,56
7039,43
7040,94
7041,52
7042,91
7043,62
7044,54
7045,68
7046,125
7047,75
7048,64
7049,102
7050,58
7051,89
7052,26
7053,93
7054,41
7055,83
7056,99
7057,142
7058,76
7059,81
7060,12
7061,65
7062,110
7063,85
7064,93
7065,90
7066,60
7067,86
7068,110
7069,81
7070,66
7071,110
7072,66
7073,115
7074,102
7075,90
7076,89
7077,87
7078,117
7079,92
7080,113
7081,99
7082,72
7083,28
7084,63
7085,89
7086,82
7087,72
7088,144
7089,75
7090,64
7091,50
7092,51
7093,61
7094,28
7095,57
7096,94
7097,113
7098,121
7099,55
7100,65
7101,65
7102,83
7103,22
7104,64
7105,83
7106,131
7107,57
7108,60
7109,95
7110,60
7111,139
7112,51
7113,68
7114,108
7115,65
7116,115
7117,124
7118,104
7119,73
7120,71
7121,58
7122,30
7123,106
7124,98
7125,58
7126,53
7127,94
7128,52
7129,78
7130,72
7131,115
7132,78
7133,55
7134,78
7135,25
7136,42
7137,58
7138,98
7139,100
7140,33
7141,100
7142,88
7143,137
7144,46
7145,86
7146,72
7147,60
7148,80
7149,94
7150,122
7151,100
7152,38
7153,107
7154,60
7155,67
7156,49
7157,133
7158,55
7159,40
7160,76
7161,84
7162,128
7163,47
7164,87
7165,43
7166,74
7167,103
7168,71
7169,66
7170,93
7171,42
7172,86
7173,73
7174,68
7175,111
7176,121
7177,55
7178,103
7179,37
7180,109
7181,62
7182,42
7183,96
7184,89
7185,94
7186,60
7187,80
7188,82
7189,83
7190,85
7191,61
7192,48
7193,90
7194,76
7195,51
7196,75
7197,78
7198,95
7199,81
7200,76
7201,86
7202,88
7203,142
7204,70
7205,83
7206,53
7207,91
7208,80
7209,47
7210,111
7211,87
7212,58
7213,57
7214,111
7215,108
7216,74
7217,49
7218,61
7219,115
7220,74
7221,99
7222,163
7223,91
7224,53
7225,89
7226,31
7227,73
7228,56
7229,129
7230,65
7231,80
7232,47
7233,93
7234,98
7235,115
7236,100
7237,77
7238,64
7239,94
7240,111
7241,33
7242,98
7243,118
7244,45
7245,91
7246,98
7247,71
7248,102
7249,115
7250,135
7251,100
7252,80
7253,56
7254,76
7255,149
7256,116
7257,142
7258,64
7259,76
7260,100
7261,71
7262,63
7263,57
7264,38
7265,62
7266,56
7267,72
7268,95
7269,85
7270,61
7271,48
7272,71
7273,42
7274,39
7275,115
7276,104
7277,83
7278,126
7279,73
7280,71
7281,103
7282,65
7283,46
7284,69
7285,35
7286,95
7287,28
7288,87
7289,67
7290,46
7291,40
7292,68
7293,74
7294,37
7295,62
7296,127
7297,117
7298,99
7299,64
7300,130
7301,63
7302,34
7303,57
7304,51
7305,82
7306,60
7307,141
7308,82
7309,90
7310,64
7311,102
7312,118
7313,30
7314,68
7315,81
7316,113
7317,63
7318,59
7319,58
7320,57
7321,75
7322,31
7323,139
7324,117
7325,85
7326,61
7327,102
7328,78
7329,67
7330,41
7331,130
7332,130
7333,66
7334,98
7335,87
7336,35
7337,52
7338,73
7339,61
7340,63
7341,133
7342,121
7343,111
7344,71
7345,64
7346,70
7347,122
7348,105
7349,115
7350,107
7351,56
7352,66
7353,92
7354,103
7355,82
7356,50
7357,82
7358,87
7359,84
7360,87
7361,98
7362,26
7363,77
7364,75
7365,92
7366,92
7367,106
7368,39
7369,40
7370,45
7371,101
7372,51
7373,99
7374,55
7375,50
7376,71
7377,84
7378,93
7379,77
7380,67
7381,59
7382,92
7383,73
7384,144
7385,43
7386,55
7387,112
7388,139
7389,126
7390,62
7391,79
7392,98
7393,88
7394,83
7395,83
7396,57
7397,61
7398,81
7399,62
7400,38
7401,71
7402,99
7403,105
7404,115
7405,125
7406,59
7407,59
7408,92
7409,86
7410,142
7411,82
7412,138
7413,114
7414,67
7415,144
7416,68
7417,45
7418,54
7419,138
7420,67
7421,83
7422,164
7423,100
7424,105
7425,60
7426,34
7427,111
7428,121
7429,80
7430,64
7431,52
7432,95
7433,31
7434,89
7435,62
7436,30
7437,82
7438,49
7439,90
7440,67
7441,76
7442,64
7443,102
7444,80
7445,62
7446,113
7447,83
7448,115
7449,67
7450,83
7451,117
7452,105
7453,84
7454,132
7455,59
7456,106
7457,68
7458,107
7459,60
7460,49
7461,47
7462,103
7463,39
7464,61
7465,33
7466,80
7467,66
7468,121
7469,72
7470,72
7471,84
7472,72
7473,63
7474,72
7475,79
7476,60
7477,45
7478,63
7479,39
7480,62
7481,82
7482,92
7483,115
7484,70
7485,45
7486,104
7487,108
7488,62
7489,50
7490,112
7491,64
7492,68
7493,73
7494,115
7495,83
7496,170
7497,96
7498,81
7499,46
7500,55
7501,93
7502,99
7503,74
7504,60
7505,89
7506,81
7507,80
7508,87
7509,60
7510,45
7511,53
7512,108
7513,41
7514,51
7515,76
7516,77
7517,40
7518,103
7519,110
7520,145
7521,70
7522,83
7523,107
7524,100
7525,71
7526,53
7527,54
7528,101
7529,69
7530,90
7531,36
7532,114
7533,81
7534,59
7535,91
7536,126
7537,47
7538,49
7539,59
7540,55
7541,69
7542,52
7543,129
7544,83
7545,49
7546,35
7547,64
7548,133
7549,74
7550,79
7551,59
7552,85
7553,114
7554,71
7555,61
7556,32
7557,48
7558,125
7559,113
7560,115
7561,96
7562,112
7563,49
7564,136
7565,57
7566,74
7567,79
7568,103
7569,71
7570,36
7571,65
7572,77
7573,47
7574,60
7575,48
7576,82
7577,119
7578,65
7579,36
7580,94
7581,97
7582,61
7583,52
7584,56
7585,109
7586,132
7587,22
7588,97
7589,100
7590,121
7591,111
7592,63
7593,54
7594,92
7595,70
7596,64
7597,70
7598,67
7599,76
7600,71
7601,71
7602,62
7603,83
7604,22
7605,95
7606,56
7607,44
7608,31
7609,84
7610,74
7611,94
7612,65
7613,39
7614,52
7615,62
7616,43
7617,117
7618,154
7619,96
7620,84
7621,66
7622,58
7623,96
7624,92
7625,78
7626,63
7627,107
7628,97
7629,75
7630,79
7631,183
7632,59
7633,80
7634,91
7635,38
7636,46
7637,74
7638,69
7639,71
7640,95
7641,140
7642,68
7643,131
7644,58
7645,74
7646,54
7647,99
7648,53
7649,82
7650,83
7651,55
7652,56
7653,68
7654,59
7655,88
7656,87
7657,105
7658,81
7659,49
7660,113
7661,31
7662,135
7663,78
7664,58
7665,89
7666,92
7667,91
7668,81
7669,56
7670,73
7671,106
7672,79
7673,73
7674,93
7675,118
7676,62
7677,43
7678,38
7679,57
7680,115
7681,52
7682,88
7683,106
7684,84
7685,83
7686,81
7687,54
7688,33
7689,75
7690,74
7691,70
7692,59
7693,120
7694,109
7695,67
7696,98
7697,68
7698,68
7699,88
7700,84
7701,80
7702,70
7703,52
7704,26
7705,58
7706,144
7707,47
7708,40
7709,52
7710,61
7711,55
7712,119
7713,90
7714,53
7715,58
7716,73
7717,58
7718,72
7719,133
7720,73
7721,90
7722,113
7723,80
7724,152
7725,69
7726,63
7727,73
7728,106
7729,70
7730,35
7731,35
7732,45
7733,96
7734,119
7735,118
7736,49
7737,63
7738,78
7739,89
7740,82
7741,90
7742,130
7743,99
7744,55
7745,54
7746,79
7747,89
7748,91
7749,43
7750,133
7751,103
7752,81
7753,95
7754,86
7755,98
7756,69
7757,80
7758,47
7759,61
7760,30
7761,88
7762,79
7763,105
7764,63
7765,76
7766,129
7767,113
7768,91
7769,70
7770,62
7771,70
7772,86
7773,93
7774,73
7775,60
7776,54
7777,89
7778,105
7779,41
7780,114
7781,107
7782,94
7783,82
7784,68
7785,59
7786,72
7787,82
7788,29
7789,91
7790,92
7791,60
7792,76
7793,44
7794,58
7795,104
7796,79
7797,61
7798,120
7799,55
7800,105
7801,27
7802,123
7803,81
7804,136
7805,82
7806,136
7807,118
7808,71
7809,77
7810,105
7811,46
7812,89
7813,98
7814,122
7815,113
7816,36
7817,57
7818,71
7819,58
7820,54
7821,58
7822,66
7823,103
7824,80
7825,42
7826,83
7827,58
7828,89
7829,56
7830,118
7831,58
7832,114
7833,75
7834,79
7835,87
7836,104
7837,29
7838,97
7839,114
7840,116
7841,65
7842,120
7843,74
7844,69
7845,90
7846,95
7847,106
7848,76
7849,93
7850,102
7851,105
7852,71
7853,102
7854,147
7855,115
7856,77
7857,90
7858,64
7859,88
7860,65
7861,88
7862,85
7863,109
7864,63
7865,129
7866,48
7867,37
7868,80
7869,40
7870,66
7871,189
7872,88
7873,90
7874,89
7875,146
7876,111
7877,51
7878,40
7879,61
7880,144
7881,132
7882,67
7883,65
7884,55
7885,95
7886,70
7887,148
7888,94
7889,87
7890,119
7891,66
7892,101
7893,80
7894,37
7895,66
7896,51
7897,81
7898,30
7899,66
7900,55
7901,89
7902,118
7903,85
7904,61
7905,130
7906,110
7907,57
7908,60
7909,70
7910,98
7911,136
7912,124
7913,55
7914,54
7915,56
7916,32
7917,67
7918,57
7919,125
7920,32
7921,51
7922,90
7923,123
7924,90
7925,51
7926,54
7927,80
7928,65
7929,87
7930,31
7931,65
7932,87
7933,134
7934,90
7935,92
7936,123
7937,44
7938,41
7939,88
7940,83
7941,88
7942,57
7943,56
7944,129
7945,35
7946,43
7947,65
7948,53
7949,72
7950,100
7951,62
7952,80
7953,149
7954,100
7955,54
7956,152
7957,92
7958,17
7959,119
7960,68
7961,62
7962,86
7963,62
7964,45
7965,97
7966,76
7967,60
7968,77
7969,57
7970,91
7971,47
7972,86
7973,34
7974,36
7975,25
7976,78
7977,90
7978,98
7979,73
7980,96
7981,105
7982,102
7983,71
7984,52
7985,44
7986,52
7987,73
7988,85
7989,50
7990,123
7991,84
7992,54
7993,134
7994,103
7995,68
7996,87
7997,64
7998,84
7999,68
8000,65
8001,48
8002,116
8003,106
8004,85
8005,44
8006,115
8007,107
8008,103
8009,45
8010,44
8011,98
8012,133
8013,58
8014,100
8015,74
8016,76
8017,37
8018,55
8019,47
8020,119
8021,60
8022,138
8023,81
8024,64
8025,68
8026,63
8027,48
8028,73
8029,91
8030,23
8031,29
8032,106
8033,67
8034,37
8035,48
8036,79
8037,51
8038,82
8039,75
8040,41
8041,93
8042,72
8043,33
8044,119
8045,100
8046,71
8047,80
8048,89
8049,90
8050,53
8051,102
8052,125
8053,93
8054,87
8055,67
8056,140
8057,119
8058,85
8059,132
8060,40
8061,81
8062,41
8063,133
8064,19
8065,105
8066,104
8067,70
8068,59
8069,72
8070,80
8071,57
8072,89
8073,74
8074,87
8075,69
8076,129
8077,66
8078,76
8079,93
8080,75
8081,108
8082,107
8083,91
8084,97
8085,59
8086,95
8087,80
8088,63
8089,67
8090,65
8091,80
8092,75
8093,74
8094,95
8095,89
8096,79
8097,102
8098,81
8099,79
8100,80
8101,63
8102,58
8103,142
8104,89
8105,58
8106,126
8107,25
8108,100
8109,33
8110,84
8111,98
8112,83
8113,83
8114,56
8115,68
8116,156
8117,106
8118,90
8119,20
8120,101
8121,82
8122,46
8123,71
8124,58
8125,127
8126,68
8127,79
8128,85
8129,85
8130,82
8131,55
8132,96
8133,86
8134,26
8135,7
8136,90
8137,73
8138,85
8139,71
8140,95
8141,104
8142,79
8143,93
8144,57
8145,53
8146,47
8147,60
8148,88
8149,79
8150,73
8151,90
8152,106
8153,66
8154,45
8155,109
8156,159
8157,84
8158,95
8159,77
8160,110
8161,63
8162,62
8163,87
8164,64
8165,116
8166,98
8167,59
8168,111
8169,39
8170,45
8171,46
8172,69
8173,149
8174,60
8175,32
8176,72
8177,70
8178,110
8179,54
8180,52
8181,106
8182,48
8183,52
8184,50
8185,88
8186,70
8187,52
8188,52
8189,84
8190,122
8191,121
8192,130
8193,109
8194,95
8195,76
8196,100
8197,98
8198,123
8199,91
8200,60
8201,64
8202,69
8203,83
8204,88
8205,81
8206,66
8207,35
8208,37
8209,50
8210,36
8211,85
8212,21
8213,111
8214,110
8215,108
8216,63
8217,74
8218,103
8219,68
8220,109
8221,138
8222,51
8223,74
8224,3
8225,75
8226,95
8227,49
8228,108
8229,44
8230,94
8231,86
8232,101
8233,76
8234,138
8235,36
8236,78
8237,81
8238,43
8239,70
8240,79
8241,78
8242,94
8243,94
8244,82
8245,67
8246,101
8247,28
8248,119
8249,36
8250,49
8251,39
8252,84
8253,93
8254,106
8255,69
8256,85
8257,55
8258,76
8259,103
8260,119
8261,72
8262,116
8263,112
8264,98
8265,81
8266,71
8267,122
8268,23
8269,59
8270,80
8271,88
8272,39
8273,69
8274,83
8275,125
8276,82
8277,87
8278,64
8279,94
8280,49
8281,124
8282,63
8283,76
8284,108
8285,60
8286,102
8287,82
8288,49
8289,124
8290,120
8291,63
8292,100
8293,45
8294,68
8295,45
8296,45
8297,25
8298,72
8299,83
8300,83
8301,70
8302,76
8303,84
8304,134
8305,40
8306,118
8307,145
8308,105
8309,63
8310,24
8311,79
8312,73
8313,102
8314,64
8315,22
8316,123
8317,95
8318,29
8319,81
8320,82
8321,62
8322,56
8323,127
8324,70
8325,98
8326,79
8327,45
8328,73
8329,36
8330,52
8331,71
8332,96
8333,42
8334,38
8335,109
8336,56
8337,77
8338,69
8339,57
8340,97
8341,76
8342,53
8343,93
8344,106
8345,120
8346,69
8347,65
8348,98
8349,67
8350,124
8351,37
8352,76
8353,113
8354,88
8355,68
8356,45
8357,58
8358,39
8359,123
8360,51
8361,141
8362,77
8363,79
8364,71
8365,74
8366,70
8367,48
8368,128
8369,90
8370,50
8371,69
8372,65
8373,92
8374,101
8375,40
8376,37
8377,108
8378,68
8379,64
8380,102
8381,85
8382,90
8383,81
8384,91
8385,98
8386,141
8387,148
8388,71
8389,88
8390,90
8391,99
8392,49
8393,97
8394,88
8395,29
8396,25
8397,103
8398,90
8399,115
8400,119
8401,78
8402,89
8403,77
8404,101
8405,65
8406,62
8407,54
8408,99
8409,97
8410,81
8411,54
8412,69
8413,71
8414,58
8415,37
8416,94
8417,58
8418,38
8419,51
8420,102
8421,138
8422,68
8423,33
8424,51
8425,51
8426,134
8427,102
8428,85
8429,76
8430,114
8431,135
8432,66
8433,66
8434,85
8435,71
8436,74
8437,72
8438,48
8439,16
8440,148
8441,94
8442,62
8443,50
8444,48
8445,123
8446,69
8447,60
8448,80
8449,131
8450,129
8451,87
8452,59
8453,72
8454,28
8455,73
8456,41
8457,111
8458,62
8459,69
8460,106
8461,76
8462,117
8463,87
8464,37
8465,85
8466,86
8467,40
8468,62
8469,125
8470,62
8471,106
8472,89
8473,65
8474,45
8475,94
8476,49
8477,64
8478,50
8479,50
8480,38
8481,87
8482,101
8483,148
8484,75
8485,41
8486,83
8487,46
8488,128
8489,84
8490,54
8491,81
8492,79
8493,98
8494,101
8495,70
8496,83
8497,28
8498,97
8499,74
8500,96
8501,26
8502,131
8503,73
8504,64
8505,43
8506,68
8507,79
8508,72
8509,84
8510,94
8511,37
8512,124
8513,51
8514,115
8515,57
8516,63
8517,99
8518,140
8519,51
8520,80
8521,89
8522,35
8523,103
8524,49
8525,101
8526,95
8527,84
8528,74
8529,80
8530,78
8531,93
8532,60
8533,38
8534,66
8535,69
8536,93
8537,69
8538,54
8539,105
8540,108
8541,68
8542,86
8543,42
8544,111
8545,43
8546,91
8547,82
8548,59
8549,78
8550,100
8551,115
8552,78
8553,99
8554,106
8555,71
8556,56
8557,58
8558,82
8559,154
8560,138
8561,113
8562,57
8563,48
8564,116
8565,63
8566,83
8567,58
8568,110
8569,84
8570,74
8571,59
8572,60
8573,130
8574,69
8575,103
8576,76
8577,83
8578,110
8579,98
8580,129
8581,146
8582,104
8583,90
8584,54
8585,100
8586,91
8587,44
8588,62
8589,54
8590,95
8591,82
8592,82
8593,66
8594,46
8595,80
8596,84
8597,30
8598,137
8599,130
8600,74
8601,102
8602,53
8603,92
8604,133
8605,130
8606,72
8607,61
8608,75
8609,94
8610,89
8611,53
8612,67
8613,59
8614,82
8615,93
8616,72
8617,130
8618,91
8619,64
8620,86
8621,123
8622,86
8623,58
8624,81
8625,78
8626,127
8627,86
8628,78
8629,92
8630,71
8631,40
8632,55
8633,101
8634,97
8635,126
8636,75
8637,37
8638,54
8639,125
8640,63
8641,29
8642,96
8643,50
8644,51
8645,71
8646,108
8647,111
8648,109
8649,52
8650,103
8651,134
8652,71
8653,89
8654,123
8655,100
8656,41
8657,113
8658,51
8659,44
8660,37
8661,78
8662,54
8663,47
8664,36
8665,89
8666,95
8667,82
8668,84
8669,83
8670,110
8671,68
8672,144
8673,62
8674,80
8675,76
8676,37
8677,82
8678,73
8679,108
8680,86
8681,109
8682,106
8683,66
8684,68
8685,61
8686,89
8687,82
8688,71
8689,41
8690,93
8691,67
8692,100
8693,79
8694,83
8695,65
8696,97
8697,73
8698,43
8699,89
8700,60
8701,95
8702,134
8703,114
8704,83
8705,69
8706,54
8707,71
8708,107
8709,120
8710,40
8711,47
8712,85
8713,53
8714,119
8715,97
8716,86
8717,97
8718,53
8719,75
8720,92
8721,104
8722,74
8723,57
8724,88
8725,58
8726,75
8727,105
8728,92
8729,44
8730,96
8731,92
8732,102
8733,43
8734,95
8735,70
8736,79
8737,91
8738,61
8739,171
8740,145
8741,74
8742,96
8743,74
8744,40
8745,58
8746,78
8747,77
8748,75
8749,73
8750,66
8751,62
8752,119
8753,86
8754,85
8755,39
8756,47
8757,75
8758,61
8759,32
8760,50
8761,77
8762,120
8763,118
8764,90
8765,136
8766,114
8767,94
8768,83
8769,61
8770,121
8771,61
8772,73
8773,38
8774,103
8775,88
8776,89
8777,59
8778,60
8779,77
8780,63
8781,103
8782,126
8783,96
8784,54
8785,112
8786,58
8787,102
8788,85
8789,102
8790,74
8791,91
8792,42
8793,104
8794,64
8795,82
8796,99
8797,74
8798,73
8799,68
8800,19
8801,103
8802,82
8803,54
8804,72
8805,59
8806,74
8807,74
8808,78
8809,43
8810,78
8811,62
8812,130
8813,59
8814,98
8815,84
8816,85
8817,83
8818,137
8819,64
8820,85
8821,105
8822,61
8823,78
8824,42
8825,117
8826,76
8827,66
8828,42
8829,77
8830,25
8831,52
8832,82
8833,62
8834,83
8835,90
8836,83
8837,15
8838,19
8839,47
8840,86
8841,62
8842,79
8843,52
8844,63
8845,68
8846,61
8847,110
8848,126
8849,49
8850,107
8851,107
8852,94
8853,72
8854,87
8855,69
8856,102
8857,25
8858,89
8859,77
8860,62
8861,56
8862,87
8863,102
8864,78
8865,139
8866,138
8867,136
8868,88
8869,106
8870,103
8871,73
8872,99
8873,71
8874,79
8875,52
8876,107
8877,57
8878,124
8879,37
8880,146
8881,91
8882,114
8883,149
8884,95
8885,80
8886,89
8887,87
8888,93
8889,98
8890,75
8891,44
8892,81
8893,73
8894,124
8895,99
8896,67
8897,58
8898,127
8899,107
8900,126
8901,82
8902,51
8903,94
8904,97
8905,37
8906,110
8907,42
8908,102
8909,76
8910,74
8911,71
8912,89
8913,128
8914,83
8915,71
8916,113
8917,86
8918,127
8919,97
8920,124
8921,20
8922,67
8923,64
8924,66
8925,106
8926,121
8927,111
8928,67
8929,90
8930,15
8931,65
8932,28
8933,67
8934,99
8935,105
8936,45
8937,95
8938,85
8939,36
8940,51
8941,115
8942,121
8943,125
8944,100
8945,112
8946,128
8947,64
8948,95
8949,85
8950,70
8951,73
8952,71
8953,81
8954,49
8955,41
8956,77
8957,28
8958,91
8959,132
8960,77
8961,96
8962,87
8963,75
8964,57
8965,50
8966,35
8967,59
8968,69
8969,72
8970,28
8971,66
8972,64
8973,63
8974,39
8975,139
8976,68
8977,78
8978,101
8979,119
8980,83
8981,33
8982,72
8983,67
8984,130
8985,74
8986,89
8987,90
8988,42
8989,67
8990,129
8991,118
8992,41
8993,120
8994,80
8995,19
8996,80
8997,79
8998,63
8999,104
9000,78
9001,119
9002,88
9003,72
9004,62
9005,53
9006,129
9007,66
9008,111
9009,54
9010,116
9011,84
9012,58
9013,55
9014,77
9015,73
9016,65
9017,112
9018,69
9019,43
9020,73
9021,96
9022,22
9023,82
9024,61
9025,83
9026,71
9027,52
9028,58
9029,127
9030,22
9031,106
9032,63
9033,90
9034,49
9035,89
9036,86
9037,89
9038,48
9039,106
9040,93
9041,90
9042,34
9043,44
9044,74
9045,79
9046,106
9047,49
9048,68
9049,73
9050,68
9051,38
9052,79
9053,125
9054,100
9055,44
9056,62
9057,97
9058,108
9059,75
9060,79
9061,103
9062,58
9063,44
9064,101
9065,67
9066,112
9067,135
9068,74
9069,56
9070,68
9071,78
9072,71
9073,92
9074,49
9075,58
9076,55
9077,81
9078,50
9079,85
9080,40
9081,53
9082,52
9083,50
9084,54
9085,102
9086,72
9087,79
9088,86
9089,95
9090,133
9091,64
9092,44
9093,47
9094,41
9095,62
9096,121
9097,52
9098,108
9099,84
9100,76
9101,55
9102,80
9103,147
9104,88
9105,110
9106,34
9107,95
9108,45
9109,49
9110,102
9111,115
9112,80
9113,67
9114,122
9115,112
9116,34
9117,135
9118,70
9119,113
9120,77
9121,80
9122,139
9123,68
9124,144
9125,92
9126,70
9127,78
9128,62
9129,80
9130,101
9131,85
9132,88
9133,71
9134,141
9135,44
9136,73
9137,64
9138,85
9139,77
9140,67
9141,73
9142,101
9143,80
9144,73
9145,65
9146,59
9147,78
9148,97
9149,83
9150,59
9151,145
9152,115
9153,27
9154,83
9155,85
9156,118
9157,89
9158,53
9159,82
9160,84
9161,73
9162,68
9163,80
9164,31
9165,64
9166,90
9167,61
9168,70
9169,54
9170,45
9171,69
9172,75
9173,69
9174,80
9175,100
9176,70
9177,65
9178,102
9179,60
9180,84
9181,38
9182,121
9183,123
9184,64
9185,90
9186,42
9187,145
9188,78
9189,64
9190,84
9191,85
9192,79
9193,92
9194,74
9195,49
9196,83
9197,103
9198,81
9199,76
9200,75
9201,48
9202,72
9203,63
9204,103
9205,111
9206,73
9207,97
9208,38
9209,71
9210,52
9211,39
9212,59
9213,80
9214,67
9215,108
9216,56
9217,46
9218,109
9219,102
9220,45
9221,72
9222,99
9223,78
9224,116
9225,54
9226,66
9227,40
9228,154
9229,49
9230,114
9231,73
9232,98
9233,88
9234,69
9235,75
9236,152
9237,82
9238,31
9239,100
9240,41
9241,44
9242,114
9243,90
9244,109
9245,53
9246,102
9247,88
9248,50
9249,57
9250,54
9251,23
9252,17
9253,95
9254,37
9255,52
9256,154
9257,64
9258,27
9259,49
9260,54
9261,102
9262,108
9263,62
9264,37
9265,136
9266,129
9267,64
9268,79
9269,85
9270,83
9271,74
9272,126
9273,58
9274,51
9275,18
9276,92
9277,72
9278,56
9279,39
9280,99
9281,59
9282,44
9283,91
9284,72
9285,94
9286,73
9287,37
9288,108
9289,76
9290,84
9291,85
9292,75
9293,59
9294,147
9295,47
9296,85
9297,53
9298,132
9299,120
9300,115
9301,89
9302,115
9303,69
9304,61
9305,73
9306,88
9307,78
9308,111
9309,84
9310,130
9311,83
9312,77
9313,61
9314,86
9315,16
9316,106
9317,105
9318,57
9319,74
9320,73
9321,122
9322,97
9323,69
9324,73
9325,84
9326,58
9327,86
9328,102
9329,95
9330,63
9331,106
9332,40
9333,47
9334,68
9335,44
9336,96
9337,64
9338,150
9339,97
9340,27
9341,60
9342,54
9343,70
9344,82
9345,110
9346,65
9347,130
9348,42
9349,56
9350,47
9351,119
9352,59
9353,31
9354,39
9355,67
9356,94
9357,68
9358,24
9359,91
9360,142
9361,96
9362,58
9363,54
9364,39
9365,69
9366,58
9367,135
9368,98
9369,57
9370,48
9371,68
9372,96
9373,55
9374,77
9375,73
9376,113
9377,98
9378,57
9379,50
9380,61
9381,38
9382,70
9383,51
9384,89
9385,74
9386,30
9387,106
9388,142
9389,91
9390,92
9391,57
9392,51
9393,57
9394,85
9395,43
9396,164
9397,69
9398,82
9399,91
9400,95
9401,37
9402,69
9403,52
9404,25
9405,115
9406,104
9407,49
9408,104
9409,77
9410,122
9411,40
9412,85
9413,25
9414,62
9415,60
9416,125
9417,32
9418,98
9419,104
9420,137
9421,62
9422,79
9423,146
9424,99
9425,115
9426,82
9427,73
9428,113
9429,62
9430,63
9431,103
9432,68
9433,77
9434,119
9435,52
9436,52
9437,68
9438,135
9439,75
9440,94
9441,126
9442,32
9443,75
9444,85
9445,58
9446,88
9447,96
9448,68
9449,50
9450,54
9451,41
9452,73
9453,101
9454,140
9455,64
9456,38
9457,34
9458,37
9459,50
9460,113
9461,121
9462,90
9463,98
9464,59
9465,83
9466,74
9467,35
9468,67
9469,84
9470,120
9471,59
9472,68
9473,69
9474,49
9475,55
9476,58
9477,114
9478,93
9479,53
9480,94
9481,4
9482,123
9483,54
9484,45
9485,87
9486,111
9487,96
9488,118
9489,93
9490,144
9491,93
9492,86
9493,117
9494,93
9495,113
9496,116
9497,124
9498,96
9499,40
9500,98
9501,42
9502,42
9503,69
9504,122
9505,37
9506,160
9507,80
9508,56
9509,87
9510,52
9511,79
9512,92
9513,114
9514,86
9515,96
9516,76
9517,119
9518,99
9519,153
9520,69
9521,76
9522,84
9523,56
9524,85
9525,139
9526,86
9527,79
9528,123
9529,119
9530,116
9531,45
9532,118
9533,52
9534,73
9535,99
9536,49
9537,92
9538,106
9539,41
9540,50
9541,77
9542,104
9543,25
9544,77
9545,90
9546,84
9547,88
9548,94
9549,35
9550,42
9551,34
9552,48
9553,84
9554,88
9555,45
9556,70
9557,133
9558,69
9559,93
9560,51
9561,50
9562,99
9563,87
9564,51
9565,56
9566,66
9567,78
9568,70
9569,74
9570,54
9571,83
9572,57
9573,67
9574,79
9575,108
9576,56
9577,62
9578,79
9579,78
9580,95
9581,85
9582,80
9583,92
9584,106
9585,107
9586,81
9587,50
9588,68
9589,57
9590,55
9591,60
9592,88
9593,72
9594,79
9595,59
9596,68
9597,41
9598,107
9599,94
9600,120
9601,102
9602,116
9603,46
9604,64
9605,111
9606,51
9607,55
9608,96
9609,49
9610,108
9611,71
9612,38
9613,47
9614,1
9615,87
9616,33
9617,41
9618,83
9619,83
9620,26
9621,109
9622,100
9623,40
9624,123
9625,84
9626,61
9627,67
9628,89
9629,46
9630,148
9631,88
9632,66
9633,67
9634,53
9635,109
9636,73
9637,48
9638,73
9639,78
9640,76
9641,84
9642,24
9643,47
9644,70
9645,75
9646,105
9647,60
9648,87
9649,49
9650,87
9651,58
9652,83
9653,83
9654,46
9655,147
9656,105
9657,68
9658,71
9659,83
9660,20
9661,105
9662,57
9663,110
9664,64
9665,100
9666,41
9667,82
9668,112
9669,32
9670,85
9671,40
9672,86
9673,84
9674,89
9675,37
9676,24
9677,121
9678,128
9679,58
9680,74
9681,72
9682,104
9683,49
9684,94
9685,55
9686,24
9687,71
9688,73
9689,156
9690,89
9691,46
9692,46
9693,66
9694,72
9695,114
9696,65
9697,19
9698,92
9699,59
9700,83
9701,87
9702,54
9703,44
9704,136
9705,77
9706,84
9707,21
9708,75
9709,129
9710,70
9711,86
9712,100
9713,80
9714,169
9715,78
9716,81
9717,75
9718,38
9719,63
9720,116
9721,91
9722,68
9723,68
9724,39
9725,115
9726,78
9727,102
9728,89
9729,71
9730,60
9731,81
9732,72
9733,81
9734,42
9735,113
9736,87
9737,65
9738,73
9739,30
9740,81
9741,99
9742,76
9743,123
9744,52
9745,124
9746,33
9747,65
9748,108
9749,57
9750,49
9751,138
9752,90
9753,65
9754,82
9755,93
9756,61
9757,105
9758,56
9759,31
9760,111
9761,61
9762,50
9763,24
9764,59
9765,19
9766,100
9767,98
9768,81
9769,41
9770,85
9771,100
9772,83
9773,70
9774,52
9775,42
9776,68
9777,84
9778,95
9779,83
9780,83
9781,24
9782,64
9783,85
9784,109
9785,75
9786,91
9787,71
9788,75
9789,132
9790,83
9791,51
9792,89
9793,75
9794,121
9795,106
9796,55
9797,61
9798,72
9799,26
9800,84
9801,77
9802,154
9803,82
9804,43
9805,110
9806,89
9807,60
9808,107
9809,67
9810,70
9811,75
9812,56
9813,62
9814,95
9815,160
9816,54
9817,87
9818,110
9819,80
9820,73
9821,99
9822,81
9823,110
9824,78
9825,27
9826,61
9827,76
9828,86
9829,44
9830,88
9831,125
9832,47
9833,101
9834,94
9835,130
9836,89
9837,75
9838,101
9839,80
9840,76
9841,49
9842,72
9843,106
9844,77
9845,132
9846,87
9847,191
9848,44
9849,156
9850,121
9851,32
9852,70
9853,61
9854,132
9855,113
9856,112
9857,72
9858,58
9859,84
9860,125
9861,82
9862,61
9863,34
9864,88
9865,30
9866,87
9867,97
9868,61
9869,93
9870,69
9871,110
9872,53
9873,66
9874,68
9875,59
9876,103
9877,78
9878,77
9879,84
9880,63
9881,75
9882,89
9883,96
9884,58
9885,102
9886,121
9887,45
9888,124
9889,68
9890,35
9891,96
9892,68
9893,57
9894,58
9895,62
9896,52
9897,77
9898,51
9899,80
9900,94
9901,80
9902,42
9903,78
9904,42
9905,31
9906,49
9907,27
9908,101
9909,66
9910,90
9911,69
9912,10
9913,91
9914,125
9915,104
9916,90
9917,44
9918,91
9919,138
9920,160
9921,29
9922,108
9923,101
9924,65
9925,93
9926,82
9927,98
9928,40
9929,86
9930,55
9931,95
9932,31
9933,77
9934,76
9935,98
9936,49
9937,100
9938,69
9939,74
9940,74
9941,76
9942,103
9943,91
9944,87
9945,73
9946,194
9947,35
9948,92
9949,18
9950,116
9951,99
9952,160
9953,96
9954,124
9955,93
9956,56
9957,59
9958,130
9959,112
9960,42
9961,70
9962,64
9963,124
9964,78
9965,111
9966,56
9967,43
9968,74
9969,70
9970,110
9971,103
9972,48
9973,12
9974,76
9975,84
9976,100
9977,122
9978,45
9979,74
9980,41
9981,36
9982,158
9983,114
9984,29
9985,64
9986,73
9987,112
9988,78
9989,119
9990,102
9991,94
9992,94
9993,101
9994,119
9995,117
9996,43
9997,141
9998,82
9999,72
