2118461,5919.376755277474
1664010,5271.622019581082
1314869,3469.371712980486
387418,3441.240891971753
1114324,3232.047694742267
2056022,3196.765022130971
305344,3165.810233235238
322009,2743.4412157225233
2439493,2472.01320802176
1932594,2469.829109730384
303948,2447.330467136025
682963,2444.479419025116
716173,2423.405077912541
2606799,2389.4120329573084
1806515,2202.7765259733696
1602153,2191.110164322103
1557557,2169.288050976409
184705,2122.8573565607435
2061495,2119.8830479814305
1473980,2089.5492148016365
1001129,1992.3116169648279
1037245,1971.865938322911
1403217,1921.0423406278867
1559083,1786.5144359936826
1777614,1781.5340242438122
1559022,1774.6796214214112
1519378,1756.3502318641647
2365141,1746.5424081301292
1110156,1723.3258861222037
21823,1702.137551320668
1567970,1681.439631392942
1663888,1675.7888624840575
491513,1666.7968705044325
1784150,1663.970319252957
467182,1643.1352080727802
1516350,1621.6478211181975
1084626,1608.9867737156212
2454575,1587.8337493167721
1827071,1567.2931853269124
491531,1566.605258388575
1907667,1558.1328977448295
2237185,1550.5615931828345
2083367,1543.0607992193584
1710658,1534.2555436889736
138106,1525.8094844579477
2041854,1521.4833475154282
243612,1518.8226178675654
1130380,1514.5265451191278
199257,1514.3837562786414
2124351,1499.3638918299873
12812,1498.962562632767
1986034,1497.9290895335248
2625420,1495.6967194786366
2450433,1494.4358946083087
16272,1489.6733373287884
929407,1487.6117019811288
789969,1483.8828826781228
1509395,1481.3775209177918
2602249,1480.2195260989442
1710643,1473.4953140697135
97893,1467.7248205702438
1026933,1467.6796835217276
1790158,1463.7008700592548
2076631,1463.624063079369
684648,1458.2145343816212
503235,1455.5566649512368
386947,1454.610119303714
2176465,1450.8338733169937
1988735,1448.8951338629065
1707198,1446.8525462943371
720503,1445.46143859982
2150746,1443.823432585713
542907,1440.290704575091
1673185,1427.5464235753361
1461435,1420.9006462101254
1033930,1415.943068132693
823802,1415.632746888715
2278766,1413.3216899376175
934647,1411.9653102524014
1616870,1407.8282065660205
2031435,1404.8155333859681
786312,1402.8044522201524
1184498,1402.4283167355359
908205,1401.1252527291979
2127108,1400.4835611662772
2640550,1394.2410767597278
603543,1394.040174614742
1357209,1383.3442813962813
1054564,1382.4600423631832
2019240,1382.3964499127842
2604824,1359.0632923285843
1452127,1354.5123624690511
2543978,1350.8799795053685
1561134,1346.3704789367973
473748,1342.6364444720878
2238060,1340.6995797061106
2218735,1337.6020726310433
286684,1333.49303282055
1515355,1331.2275165537071
522180,1329.6738829218993
2607300,1328.699928894105
394895,1327.3755752122138
2248080,1325.347016195233
194528,1311.7248662902564
708226,1309.0892296164357
256676,1298.805938690876
2485642,1296.9118985749562
825819,1296.1616990318364
2207031,1293.6284339004146
1250231,1293.1397439256348
147386,1292.7992281717702
868118,1291.3772296599075
199435,1290.5943173532753
2198070,1288.2495671910226
2475820,1287.350807276696
1105029,1286.755982902484
2466899,1283.785937129389
280112,1281.7805962259517
1996154,1272.9518135676124
1191566,1270.306495323352
1125075,1259.4214615233107
1828803,1250.2773939814203
524142,1249.377484563822
1852040,1245.185438969436
620714,1244.4892891344214
722591,1238.3802284325675
518137,1235.9148987740145
2488357,1222.2609104790524
1906026,1220.6498158818076
1645904,1219.7791644650504
758383,1218.5412885275566
1905883,1210.3353898203668
428688,1205.5581090691655
1906611,1204.2095864800328
2531844,1197.904094984926
1380915,1195.5625961957758
2147527,1195.11658567002
2232563,1193.4111319262802
1984315,1191.2300601447355
1001928,1185.382796015609
152955,1181.2203761552676
1299887,1171.8328119180185
732363,1163.3078869859803
885386,1158.4882940706666
128348,1155.2403588041689
187322,1154.9715346752444
152858,1153.229018994466
1458854,1147.6176570198404
1242044,1146.050773442387
1374197,1143.1578889246655
1274035,1142.5901696630724
684531,1141.1202988586058
2457095,1140.227351440484
973313,1136.0437339601979
2043555,1135.199938907025
2232041,1135.1175843343517
1220185,1135.0433044541358
1559797,1134.1655470968071
534043,1133.681077070484
2202365,1129.6458158926482
57633,1121.3872876065236
58485,1115.1578278855693
1337026,1115.0551547060666
1145003,1109.7251800883505
1203445,1108.929322124111
860520,1106.335550362521
1333,1105.4205148472515
1764923,1104.284503698877
1880925,1103.5763534274247
2089599,1101.8792960786955
1018901,1101.3372807792548
1320587,1095.3767218947585
2143500,1093.2425979934728
2266083,1091.2040090071532
464774,1087.5899141583823
1517061,1085.1921655554347
485601,1084.7438369813308
1886585,1082.3916302052726
362038,1081.9125788799354
1420020,1080.6871269673377
727242,1079.516724139261
2386868,1076.1246560662457
1640334,1076.1162249792521
1123175,1075.2726114241116
1115451,1074.9589185880784
1887657,1074.6249863356727
596995,1071.1618003605838
411705,1069.640591946355
442222,1067.9123529941262
462171,1067.1892230477313
151821,1066.6951047552607
1205174,1064.7993023397598
968808,1062.2302769317128
1166912,1061.0562226854747
2327743,1058.692006136154
110938,1058.076446299621
232877,1057.9989139282986
1927580,1057.5600521189106
1662714,1057.48097894016
2327122,1057.288979250456
332698,1056.4997273405559
46650,1055.672155337797
1317671,1055.146563614827
1642678,1050.6933109220738
2520506,1046.133387479098
1310250,1044.1858396356452
2519299,1043.48865004351
670416,1041.2745319339544
364749,1039.3469810821587
2572690,1035.4899230457531
1582952,1031.7333889750143
1430108,1031.5863163693564
2339734,1031.0576110340076
603277,1030.8181230166854
2407154,1030.6987892808663
1007577,1027.8590931603808
647979,1027.4320563959668
2552319,1027.2414145095074
2062350,1024.4995652061516
952156,1024.2935250169048
5980,1023.5831141688316
431326,1021.713237012778
2113596,1019.8962854518625
729393,1018.1554571913388
1233297,1015.7478401377899
872591,1011.6237857390266
652972,1009.1998621825785
6629,1005.6939619347747
2039201,1001.4880716942839
1818981,1000.1392107502453
507603,1000.0292523488569
1792741,998.2571378824634
1061195,998.0625236487526
1984086,997.635532322789
862596,997.1418483332368
2035299,996.8062117477955
883478,994.5773279037884
1194467,990.1172778520444
403915,989.2862858481808
1661344,987.8888830319485
2138987,986.5049168107233
1821474,983.8326373082444
2254751,983.7835002059232
2398509,982.623867759244
1720861,981.2534186565872
235789,977.0925826291237
1072312,976.6848438436228
78404,976.5313680565603
1569593,975.8927631067447
525356,975.0454906148742
1830000,974.9965870842655
1629440,974.8856274904958
507094,974.1870021472613
125296,973.8276299237394
1612901,972.5751016937429
774602,971.6616203886765
2018894,965.594571085521
2365581,964.0901871501844
2071416,961.1982332382042
639533,959.9607930870798
106870,957.7696369381794
2349412,955.2187049825905
1470123,953.4857889208183
1580943,953.1993000057465
2110341,948.0037898051708
2086265,946.6916525841281
2398061,944.2619226747769
595778,940.1366718956377
504620,939.3808685217564
608234,939.0272949628035
226048,937.6625596686916
1133199,937.6553444021957
1639792,935.5560188266096
2479320,935.3163729689902
2404142,934.9238847075231
402266,931.7840716129832
166041,929.8808354048374
2584676,926.366705127647
1672832,925.2851108205385
893014,917.9871066024352
701443,912.8669650274771
651541,910.4739369342337
717542,908.3389476645892
2598647,907.8281914344965
942523,907.5318680697145
530789,907.5131269908878
798296,906.841250884727
830370,904.3314511941601
968184,901.7313402796535
1737149,901.4409177703905
1532336,901.3893803508304
1370564,900.9108167962016
636262,900.5818735758301
2417531,899.7084316505244
612111,899.2503036587142
752642,898.1181587903247
1854658,895.997836788684
1757328,893.886745221491
1583566,892.8515644920265
1972040,886.8380688653075
794999,886.0730856542888
1316671,886.0185000014034
594196,884.7859876060069
219888,884.5443828754376
2256485,883.81363097458
1251664,882.6316996251738
1114342,881.6960989797398
1658790,877.092945672246
1134379,876.2622339578355
983069,875.379024835661
1284016,873.9321600926685
247932,873.8866443928243
2289197,870.9326840975177
1283171,867.1333965471532
236160,866.2026684748789
316155,865.2015523732575
1116080,863.2801686250001
2554745,863.1892317350851
1431636,860.2298500580994
844533,859.7996742736195
2455281,857.5157014913544
818752,857.2025370168382
2588510,853.088164518581
1452669,852.0749314644794
1528604,846.5523164629931
2438449,844.4772067162007
320314,841.6863284911196
2119007,840.3939156927793
1116290,840.2397179526049
586636,835.1979981474939
953604,834.1947003659068
2523912,827.7913599669414
3321,825.2119515461426
1489224,824.5526292703968
575714,823.6068902208697
2550506,823.4290325355888
2039272,822.2584332072772
1257336,820.0770433517539
2023883,819.7450847948417
1057021,815.7082979279712
684876,815.5445608215259
589682,813.6612878041071
1920565,808.1169356485016
1714672,808.0636235400931
2171187,804.7691182848118
743633,802.9226400014519
2297136,801.4796390309601
1363315,801.2562225406379
1999176,798.551527429273
2102030,796.213365519562
1348456,793.8030244378971
769702,791.0252801924134
789014,790.6600596523948
2110107,790.3266872125298
1028463,787.5673632007127
2320697,786.9392092529165
2433610,786.7641277634034
1818059,785.7673548587203
1480781,785.7226384426134
2354740,782.6081005919623
655385,780.1916364922511
2268573,778.8468713483913
319058,778.3448089494061
638020,775.5502182615579
2537543,769.7805037855295
178860,769.371010222465
170248,767.1082549601826
555528,766.416778109995
2604976,761.3737819768553
1268699,760.7784679516109
759737,759.3076106504723
2386443,757.20975540105
1428930,753.4845296635152
1881328,750.4869607130644
2429294,750.1406922429287
1065445,749.8926297704476
1995052,747.7455520727588
1475204,747.4562041316257
1002780,745.0829900279238
240923,744.6543489484208
1957786,744.4238596277331
382817,743.6133852830527
1490538,742.7786998025317
1029163,742.3247899669337
1229628,738.2161794511841
1762695,738.0465934449203
2040859,736.1082900646632
306569,735.9826500688486
2626336,735.518717453166
2157060,733.8265730187023
2250261,733.079125833716
49890,732.7778951279341
1867238,730.9055635537482
1099833,729.0957347771141
227799,728.736749038503
447759,725.6064474571124
1520166,719.2494321596339
1860673,715.501290722251
152807,714.5706237723225
1935793,713.1670788901395
1934002,712.74320689984
285174,711.0013525867843
2138793,705.6577961316056
1813197,700.3126118695651
720436,698.3139534843599
1298511,696.0296047010048
524295,695.8260254563063
803137,694.8642584834729
873713,692.1582737774518
469137,686.7555345092717
2256731,683.6460589742377
1421913,682.9360594267984
1310425,682.8100210077207
572481,682.2057195884163
1227322,678.259774325303
1257454,678.1357570030844
1830690,673.5834707644987
750641,672.8134006716294
1272379,671.9053189823893
2225743,671.5378874782168
1819462,670.6561005042478
1563935,664.6319913970157
453217,660.0233539459472
2533753,659.3804901993135
663118,658.9774828427971
157667,658.4448617989558
2375962,649.7240615101397
922812,647.9251161653779
2291306,639.2632375433753
2406705,635.6909224988653
397212,634.239334452511
1882485,629.2281453255782
200255,624.4265075660778
2499884,615.2130712029187
753107,614.7878659744036
1385788,613.7809784334098
2315012,609.3319634172859
1704223,604.0585620942671
371701,603.8378321080102
1002509,601.9402703447549
2460347,600.3215463347499
340479,599.6278082793625
1112365,597.0510944072121
2455340,596.2105925195305
2534061,596.144078023899
1650301,588.0616318113345
1913414,583.4845883957977
461110,582.7813735590477
962019,578.6379458040487
844028,578.6044700306102
2514777,573.6833395577704
1282217,565.7213807771519
908626,558.9307147576707
2600558,556.2805677087653
165247,555.5549085698823
1903324,551.0622383635374
825353,547.1840155117607
2398923,546.9881640811993
1610234,541.9221379662348
642384,538.6758000574079
2598028,538.160945989875
2634967,531.2840416098572
1150705,531.1557689352205
230112,529.1633976353903
2220732,524.6050127712535
1117152,519.2100647228511
1816884,516.3578523026938
501823,514.2654895230469
595870,513.9736478350882
1086481,513.7886990125794
1486829,513.111752237599
1556831,512.755398217186
499257,512.2235748912003
348960,511.4180468385879
596255,508.58352829931647
320856,507.47473189476335
1745577,505.72099853910356
651230,498.2351974996899
1107588,496.4745253804501
1777406,490.46480607703415
277837,483.38209304631215
1675194,477.73193014385527
1143750,476.29310863128717
460419,471.3265934093076
1876520,471.1740725628829
685565,462.10855796639845
79380,455.27940733594534
952063,453.796506918185
1309838,452.35756606891175
588285,449.3515666823323
1030857,435.1364609600718
242425,432.2449840567139
1060057,430.25225233316655
461075,422.43775588566587
329958,404.4711222566995
576990,397.657823669256
1567202,389.0951248479555
1106241,387.14605769572705
2203225,367.9674614928704
515436,359.4030529970457
1374216,348.5931443044385
2541025,346.8192123994347
2170930,297.61417280417356
